78 -40 -40 2 1 0
74.871 -41.8796 -41.8796 1 1 0
74.7717 -41.8918 -41.8918 1 1 0
74.6725 -41.9041 -41.9041 1 1 0
74.5733 -41.9163 -41.9163 1 1 0
74.474 -41.9286 -41.9286 1 1 0
74.3748 -41.941 -41.941 1 1 0
74.2755 -41.9533 -41.9533 1 1 0
74.1763 -41.9657 -41.9657 1 1 0
74.0771 -41.9781 -41.9781 1 1 0
73.9779 -41.9905 -41.9905 1 1 0
73.8786 -42.003 -42.003 1 1 0
73.7794 -42.0155 -42.0155 1 1 0
73.6802 -42.028 -42.028 1 1 0
73.581 -42.0405 -42.0405 1 1 0
73.4818 -42.0531 -42.0531 1 1 0
73.3826 -42.0657 -42.0657 1 1 0
73.2834 -42.0783 -42.0783 1 1 0
73.1842 -42.091 -42.091 1 1 0
73.085 -42.1037 -42.1037 1 1 0
72.9858 -42.1164 -42.1164 1 1 0
72.8866 -42.1291 -42.1291 1 1 0
72.7874 -42.1419 -42.1419 1 1 0
72.6883 -42.1547 -42.1547 1 1 0
72.5891 -42.1675 -42.1675 1 1 0
72.4899 -42.1803 -42.1803 1 1 0
72.3907 -42.1932 -42.1932 1 1 0
72.2916 -42.2061 -42.2061 1 1 0
72.1924 -42.2191 -42.2191 1 1 0
72.0933 -42.232 -42.232 1 1 0
71.9941 -42.245 -42.245 1 1 0
71.895 -42.2581 -42.2581 1 1 0
71.7958 -42.2711 -42.2711 1 1 0
71.6967 -42.2842 -42.2842 1 1 0
71.5976 -42.2973 -42.2973 1 1 0
71.4984 -42.3105 -42.3105 1 1 0
71.3993 -42.3237 -42.3237 1 1 0
71.3002 -42.3369 -42.3369 1 1 0
71.201 -42.3501 -42.3501 1 1 0
71.1019 -42.3634 -42.3634 1 1 0
71.0028 -42.3767 -42.3767 1 1 0
70.9037 -42.39 -42.39 1 1 0
70.8046 -42.4034 -42.4034 1 1 0
70.7055 -42.4167 -42.4167 1 1 0
70.6064 -42.4302 -42.4302 1 1 0
70.5073 -42.4436 -42.4436 1 1 0
70.4082 -42.4571 -42.4571 1 1 0
70.3092 -42.4706 -42.4706 1 1 0
70.2101 -42.4842 -42.4842 1 1 0
70.111 -42.4977 -42.4977 1 1 0
70.0119 -42.5114 -42.5114 1 1 0
69.9129 -42.525 -42.525 1 1 0
69.8138 -42.5387 -42.5387 1 1 0
69.7148 -42.5524 -42.5524 1 1 0
69.6157 -42.5661 -42.5661 1 1 0
69.5167 -42.5799 -42.5799 1 1 0
69.4176 -42.5937 -42.5937 1 1 0
69.3186 -42.6075 -42.6075 1 1 0
69.2195 -42.6214 -42.6214 1 1 0
69.1205 -42.6353 -42.6353 1 1 0
69.0215 -42.6493 -42.6493 1 1 0
68.9225 -42.6632 -42.6632 1 1 0
68.8235 -42.6772 -42.6772 1 1 0
68.7244 -42.6913 -42.6913 1 1 0
68.6254 -42.7053 -42.7053 1 1 0
68.5264 -42.7195 -42.7195 1 1 0
68.4274 -42.7336 -42.7336 1 1 0
68.3285 -42.7478 -42.7478 1 1 0
68.2295 -42.762 -42.762 1 1 0
68.1305 -42.7762 -42.7762 1 1 0
68.0315 -42.7905 -42.7905 1 1 0
67.9325 -42.8048 -42.8048 1 1 0
67.8336 -42.8192 -42.8192 1 1 0
67.7346 -42.8335 -42.8335 1 1 0
67.6357 -42.848 -42.848 1 1 0
67.5367 -42.8624 -42.8624 1 1 0
67.4378 -42.8769 -42.8769 1 1 0
67.3388 -42.8914 -42.8914 1 1 0
67.2399 -42.906 -42.906 1 1 0
67.141 -42.9206 -42.9206 1 1 0
67.042 -42.9352 -42.9352 1 1 0
66.9431 -42.9499 -42.9499 1 1 0
66.8442 -42.9646 -42.9646 1 1 0
66.7453 -42.9794 -42.9794 1 1 0
66.6464 -42.9941 -42.9941 1 1 0
66.5475 -43.009 -43.009 1 1 0
66.4486 -43.0238 -43.0238 1 1 0
66.3497 -43.0387 -43.0387 1 1 0
66.2509 -43.0536 -43.0536 1 1 0
66.152 -43.0686 -43.0686 1 1 0
66.0531 -43.0836 -43.0836 1 1 0
65.9542 -43.0986 -43.0986 1 1 0
65.8554 -43.1137 -43.1137 1 1 0
65.7565 -43.1288 -43.1288 1 1 0
65.6577 -43.144 -43.144 1 1 0
65.5589 -43.1592 -43.1592 1 1 0
65.46 -43.1744 -43.1744 1 1 0
65.3612 -43.1897 -43.1897 1 1 0
65.2624 -43.205 -43.205 1 1 0
65.1636 -43.2204 -43.2204 1 1 0
65.0648 -43.2358 -43.2358 1 1 0
64.966 -43.2512 -43.2512 1 1 0
64.8672 -43.2667 -43.2667 1 1 0
64.7684 -43.2822 -43.2822 1 1 0
64.6696 -43.2978 -43.2978 1 1 0
64.5708 -43.3133 -43.3133 1 1 0
64.472 -43.329 -43.329 1 1 0
64.3733 -43.3447 -43.3447 1 1 0
64.2745 -43.3604 -43.3604 1 1 0
64.1758 -43.3761 -43.3761 1 1 0
64.077 -43.3919 -43.3919 1 1 0
63.9783 -43.4078 -43.4078 1 1 0
63.8796 -43.4237 -43.4237 1 1 0
63.7808 -43.4396 -43.4396 1 1 0
63.6821 -43.4555 -43.4555 1 1 0
63.5834 -43.4716 -43.4716 1 1 0
63.4847 -43.4876 -43.4876 1 1 0
63.386 -43.5037 -43.5037 1 1 0
63.2873 -43.5198 -43.5198 1 1 0
63.1886 -43.536 -43.536 1 1 0
63.09 -43.5522 -43.5522 1 1 0
62.9913 -43.5685 -43.5685 1 1 0
62.8926 -43.5848 -43.5848 1 1 0
62.794 -43.6012 -43.6012 1 1 0
62.6953 -43.6176 -43.6176 1 1 0
62.5967 -43.634 -43.634 1 1 0
62.4981 -43.6505 -43.6505 1 1 0
62.3994 -43.667 -43.667 1 1 0
62.3008 -43.6836 -43.6836 1 1 0
62.2022 -43.7002 -43.7002 1 1 0
62.1036 -43.7169 -43.7169 1 1 0
62.005 -43.7336 -43.7336 1 1 0
61.9064 -43.7504 -43.7504 1 1 0
61.8079 -43.7672 -43.7672 1 1 0
61.7093 -43.784 -43.784 1 1 0
61.6107 -43.8009 -43.8009 1 1 0
61.5122 -43.8178 -43.8178 1 1 0
61.4136 -43.8348 -43.8348 1 1 0
61.3151 -43.8519 -43.8519 1 1 0
61.2165 -43.869 -43.869 1 1 0
61.118 -43.8861 -43.8861 1 1 0
61.0195 -43.9033 -43.9033 1 1 0
60.921 -43.9205 -43.9205 1 1 0
60.8225 -43.9378 -43.9378 1 1 0
60.724 -43.9551 -43.9551 1 1 0
60.6255 -43.9725 -43.9725 1 1 0
60.5271 -43.9899 -43.9899 1 1 0
60.4286 -44.0073 -44.0073 1 1 0
60.3302 -44.0249 -44.0249 1 1 0
60.2317 -44.0424 -44.0424 1 1 0
60.1333 -44.06 -44.06 1 1 0
60.0348 -44.0777 -44.0777 1 1 0
59.9364 -44.0954 -44.0954 1 1 0
59.838 -44.1132 -44.1132 1 1 0
59.7396 -44.131 -44.131 1 1 0
59.6412 -44.1489 -44.1489 1 1 0
59.5428 -44.1668 -44.1668 1 1 0
59.4445 -44.1847 -44.1847 1 1 0
59.3461 -44.2028 -44.2028 1 1 0
59.2478 -44.2208 -44.2208 1 1 0
59.1494 -44.239 -44.239 1 1 0
59.0511 -44.2571 -44.2571 1 1 0
58.9528 -44.2754 -44.2754 1 1 0
58.8544 -44.2936 -44.2936 1 1 0
58.7561 -44.312 -44.312 1 1 0
58.6578 -44.3304 -44.3304 1 1 0
58.5596 -44.3488 -44.3488 1 1 0
58.4613 -44.3673 -44.3673 1 1 0
58.363 -44.3858 -44.3858 1 1 0
58.2648 -44.4044 -44.4044 1 1 0
58.1665 -44.4231 -44.4231 1 1 0
58.0683 -44.4418 -44.4418 1 1 0
57.9701 -44.4606 -44.4606 1 1 0
57.8718 -44.4794 -44.4794 1 1 0
57.7736 -44.4983 -44.4983 1 1 0
57.6754 -44.5172 -44.5172 1 1 0
57.5773 -44.5362 -44.5362 1 1 0
57.4791 -44.5552 -44.5552 1 1 0
57.3809 -44.5743 -44.5743 1 1 0
57.2828 -44.5935 -44.5935 1 1 0
57.1846 -44.6127 -44.6127 1 1 0
57.0865 -44.6319 -44.6319 1 1 0
56.9884 -44.6513 -44.6513 1 1 0
56.8903 -44.6706 -44.6706 1 1 0
56.7922 -44.6901 -44.6901 1 1 0
56.6941 -44.7096 -44.7096 1 1 0
56.5961 -44.7291 -44.7291 1 1 0
56.498 -44.7488 -44.7488 1 1 0
56.4 -44.7684 -44.7684 1 1 0
56.3019 -44.7882 -44.7882 1 1 0
56.2039 -44.808 -44.808 1 1 0
56.1059 -44.8278 -44.8278 1 1 0
56.0079 -44.8477 -44.8477 1 1 0
55.9099 -44.8677 -44.8677 1 1 0
55.8119 -44.8877 -44.8877 1 1 0
55.714 -44.9078 -44.9078 1 1 0
55.616 -44.928 -44.928 1 1 0
55.5181 -44.9482 -44.9482 1 1 0
55.4202 -44.9685 -44.9685 1 1 0
55.3223 -44.9888 -44.9888 1 1 0
78 -40 -40 2 1 0
74.871 -41.8796 -41.8796 1 1 0
74.7717 -41.8918 -41.8918 1 1 0
74.6725 -41.9041 -41.9041 1 1 0
74.5733 -41.9163 -41.9163 1 1 0
74.474 -41.9286 -41.9286 1 1 0
74.3748 -41.941 -41.941 1 1 0
74.2755 -41.9533 -41.9533 1 1 0
74.1763 -41.9657 -41.9657 1 1 0
74.0771 -41.9781 -41.9781 1 1 0
73.9779 -41.9905 -41.9905 1 1 0
73.8786 -42.003 -42.003 1 1 0
73.7794 -42.0155 -42.0155 1 1 0
73.6802 -42.028 -42.028 1 1 0
73.581 -42.0405 -42.0405 1 1 0
73.4818 -42.0531 -42.0531 1 1 0
73.3826 -42.0657 -42.0657 1 1 0
73.2834 -42.0783 -42.0783 1 1 0
73.1842 -42.091 -42.091 1 1 0
73.085 -42.1037 -42.1037 1 1 0
72.9858 -42.1164 -42.1164 1 1 0
72.8866 -42.1291 -42.1291 1 1 0
72.7874 -42.1419 -42.1419 1 1 0
72.6883 -42.1547 -42.1547 1 1 0
72.5891 -42.1675 -42.1675 1 1 0
72.4899 -42.1803 -42.1803 1 1 0
72.3907 -42.1932 -42.1932 1 1 0
72.2916 -42.2061 -42.2061 1 1 0
72.1924 -42.2191 -42.2191 1 1 0
72.0933 -42.232 -42.232 1 1 0
71.9941 -42.245 -42.245 1 1 0
71.895 -42.2581 -42.2581 1 1 0
71.7958 -42.2711 -42.2711 1 1 0
71.6967 -42.2842 -42.2842 1 1 0
71.5976 -42.2973 -42.2973 1 1 0
71.4984 -42.3105 -42.3105 1 1 0
71.3993 -42.3237 -42.3237 1 1 0
71.3002 -42.3369 -42.3369 1 1 0
71.201 -42.3501 -42.3501 1 1 0
71.1019 -42.3634 -42.3634 1 1 0
71.0028 -42.3767 -42.3767 1 1 0
70.9037 -42.39 -42.39 1 1 0
70.8046 -42.4034 -42.4034 1 1 0
70.7055 -42.4167 -42.4167 1 1 0
70.6064 -42.4302 -42.4302 1 1 0
70.5073 -42.4436 -42.4436 1 1 0
70.4082 -42.4571 -42.4571 1 1 0
70.3092 -42.4706 -42.4706 1 1 0
70.2101 -42.4842 -42.4842 1 1 0
70.111 -42.4977 -42.4977 1 1 0
70.0119 -42.5114 -42.5114 1 1 0
69.9129 -42.525 -42.525 1 1 0
69.8138 -42.5387 -42.5387 1 1 0
69.7148 -42.5524 -42.5524 1 1 0
69.6157 -42.5661 -42.5661 1 1 0
69.5167 -42.5799 -42.5799 1 1 0
69.4176 -42.5937 -42.5937 1 1 0
69.3186 -42.6075 -42.6075 1 1 0
69.2195 -42.6214 -42.6214 1 1 0
69.1205 -42.6353 -42.6353 1 1 0
69.0215 -42.6493 -42.6493 1 1 0
68.9225 -42.6632 -42.6632 1 1 0
68.8235 -42.6772 -42.6772 1 1 0
68.7244 -42.6913 -42.6913 1 1 0
68.6254 -42.7053 -42.7053 1 1 0
68.5264 -42.7195 -42.7195 1 1 0
68.4274 -42.7336 -42.7336 1 1 0
68.3285 -42.7478 -42.7478 1 1 0
68.2295 -42.762 -42.762 1 1 0
68.1305 -42.7762 -42.7762 1 1 0
68.0315 -42.7905 -42.7905 1 1 0
67.9325 -42.8048 -42.8048 1 1 0
67.8336 -42.8192 -42.8192 1 1 0
67.7346 -42.8335 -42.8335 1 1 0
67.6357 -42.848 -42.848 1 1 0
67.5367 -42.8624 -42.8624 1 1 0
67.4378 -42.8769 -42.8769 1 1 0
67.3388 -42.8914 -42.8914 1 1 0
67.2399 -42.906 -42.906 1 1 0
67.141 -42.9206 -42.9206 1 1 0
67.042 -42.9352 -42.9352 1 1 0
66.9431 -42.9499 -42.9499 1 1 0
66.8442 -42.9646 -42.9646 1 1 0
66.7453 -42.9794 -42.9794 1 1 0
66.6464 -42.9941 -42.9941 1 1 0
66.5475 -43.009 -43.009 1 1 0
66.4486 -43.0238 -43.0238 1 1 0
66.3497 -43.0387 -43.0387 1 1 0
66.2509 -43.0536 -43.0536 1 1 0
66.152 -43.0686 -43.0686 1 1 0
66.0531 -43.0836 -43.0836 1 1 0
65.9542 -43.0986 -43.0986 1 1 0
65.8554 -43.1137 -43.1137 1 1 0
65.7565 -43.1288 -43.1288 1 1 0
65.6577 -43.144 -43.144 1 1 0
65.5589 -43.1592 -43.1592 1 1 0
65.46 -43.1744 -43.1744 1 1 0
65.3612 -43.1897 -43.1897 1 1 0
65.2624 -43.205 -43.205 1 1 0
65.1636 -43.2204 -43.2204 1 1 0
65.0648 -43.2358 -43.2358 1 1 0
64.966 -43.2512 -43.2512 1 1 0
64.8672 -43.2667 -43.2667 1 1 0
64.7684 -43.2822 -43.2822 1 1 0
64.6696 -43.2978 -43.2978 1 1 0
64.5708 -43.3133 -43.3133 1 1 0
64.472 -43.329 -43.329 1 1 0
64.3733 -43.3447 -43.3447 1 1 0
64.2745 -43.3604 -43.3604 1 1 0
64.1758 -43.3761 -43.3761 1 1 0
64.077 -43.3919 -43.3919 1 1 0
63.9783 -43.4078 -43.4078 1 1 0
63.8796 -43.4237 -43.4237 1 1 0
63.7808 -43.4396 -43.4396 1 1 0
63.6821 -43.4555 -43.4555 1 1 0
63.5834 -43.4716 -43.4716 1 1 0
63.4847 -43.4876 -43.4876 1 1 0
63.386 -43.5037 -43.5037 1 1 0
63.2873 -43.5198 -43.5198 1 1 0
63.1886 -43.536 -43.536 1 1 0
63.09 -43.5522 -43.5522 1 1 0
62.9913 -43.5685 -43.5685 1 1 0
62.8926 -43.5848 -43.5848 1 1 0
62.794 -43.6012 -43.6012 1 1 0
62.6953 -43.6176 -43.6176 1 1 0
62.5967 -43.634 -43.634 1 1 0
62.4981 -43.6505 -43.6505 1 1 0
62.3994 -43.667 -43.667 1 1 0
62.3008 -43.6836 -43.6836 1 1 0
62.2022 -43.7002 -43.7002 1 1 0
62.1036 -43.7169 -43.7169 1 1 0
62.005 -43.7336 -43.7336 1 1 0
61.9064 -43.7504 -43.7504 1 1 0
61.8079 -43.7672 -43.7672 1 1 0
61.7093 -43.784 -43.784 1 1 0
61.6107 -43.8009 -43.8009 1 1 0
61.5122 -43.8178 -43.8178 1 1 0
61.4136 -43.8348 -43.8348 1 1 0
61.3151 -43.8519 -43.8519 1 1 0
61.2165 -43.869 -43.869 1 1 0
61.118 -43.8861 -43.8861 1 1 0
61.0195 -43.9033 -43.9033 1 1 0
60.921 -43.9205 -43.9205 1 1 0
60.8225 -43.9378 -43.9378 1 1 0
60.724 -43.9551 -43.9551 1 1 0
60.6255 -43.9725 -43.9725 1 1 0
60.5271 -43.9899 -43.9899 1 1 0
60.4286 -44.0073 -44.0073 1 1 0
60.3302 -44.0249 -44.0249 1 1 0
60.2317 -44.0424 -44.0424 1 1 0
60.1333 -44.06 -44.06 1 1 0
60.0348 -44.0777 -44.0777 1 1 0
59.9364 -44.0954 -44.0954 1 1 0
59.838 -44.1132 -44.1132 1 1 0
59.7396 -44.131 -44.131 1 1 0
59.6412 -44.1489 -44.1489 1 1 0
59.5428 -44.1668 -44.1668 1 1 0
59.4445 -44.1847 -44.1847 1 1 0
59.3461 -44.2028 -44.2028 1 1 0
59.2478 -44.2208 -44.2208 1 1 0
59.1494 -44.239 -44.239 1 1 0
59.0511 -44.2571 -44.2571 1 1 0
58.9528 -44.2754 -44.2754 1 1 0
58.8544 -44.2936 -44.2936 1 1 0
58.7561 -44.312 -44.312 1 1 0
58.6578 -44.3304 -44.3304 1 1 0
58.5596 -44.3488 -44.3488 1 1 0
58.4613 -44.3673 -44.3673 1 1 0
58.363 -44.3858 -44.3858 1 1 0
58.2648 -44.4044 -44.4044 1 1 0
58.1665 -44.4231 -44.4231 1 1 0
58.0683 -44.4418 -44.4418 1 1 0
57.9701 -44.4606 -44.4606 1 1 0
57.8718 -44.4794 -44.4794 1 1 0
57.7736 -44.4983 -44.4983 1 1 0
57.6754 -44.5172 -44.5172 1 1 0
57.5773 -44.5362 -44.5362 1 1 0
57.4791 -44.5552 -44.5552 1 1 0
57.3809 -44.5743 -44.5743 1 1 0
57.2828 -44.5935 -44.5935 1 1 0
57.1846 -44.6127 -44.6127 1 1 0
57.0865 -44.6319 -44.6319 1 1 0
56.9884 -44.6513 -44.6513 1 1 0
56.8903 -44.6706 -44.6706 1 1 0
56.7922 -44.6901 -44.6901 1 1 0
56.6941 -44.7096 -44.7096 1 1 0
56.5961 -44.7291 -44.7291 1 1 0
56.498 -44.7488 -44.7488 1 1 0
56.4 -44.7684 -44.7684 1 1 0
56.3019 -44.7882 -44.7882 1 1 0
56.2039 -44.808 -44.808 1 1 0
56.1059 -44.8278 -44.8278 1 1 0
56.0079 -44.8477 -44.8477 1 1 0
55.9099 -44.8677 -44.8677 1 1 0
55.8119 -44.8877 -44.8877 1 1 0
55.714 -44.9078 -44.9078 1 1 0
55.616 -44.928 -44.928 1 1 0
55.5181 -44.9482 -44.9482 1 1 0
55.4202 -44.9685 -44.9685 1 1 0
55.3223 -44.9888 -44.9888 1 1 0
55.2244 -45.0092 -45.0092 1 1 0
55.1265 -45.0297 -45.0297 1 1 0
55.0286 -45.0502 -45.0502 1 1 0
54.9308 -45.0708 -45.0708 1 1 0
54.8329 -45.0914 -45.0914 1 1 0
54.7351 -45.1122 -45.1122 1 1 0
54.6373 -45.1329 -45.1329 1 1 0
54.5395 -45.1538 -45.1538 1 1 0
54.4417 -45.1747 -45.1747 1 1 0
54.3439 -45.1957 -45.1957 1 1 0
54.2461 -45.2167 -45.2167 1 1 0
54.1484 -45.2378 -45.2378 1 1 0
54.0507 -45.259 -45.259 1 1 0
53.9529 -45.2802 -45.2802 1 1 0
53.8552 -45.3015 -45.3015 1 1 0
53.7575 -45.3229 -45.3229 1 1 0
53.6599 -45.3443 -45.3443 1 1 0
53.5622 -45.3658 -45.3658 1 1 0
53.4646 -45.3874 -45.3874 1 1 0
53.3669 -45.409 -45.409 1 1 0
53.2693 -45.4307 -45.4307 1 1 0
53.1717 -45.4525 -45.4525 1 1 0
53.0741 -45.4743 -45.4743 1 1 0
52.9765 -45.4963 -45.4963 1 1 0
52.879 -45.5182 -45.5182 1 1 0
52.7815 -45.5403 -45.5403 1 1 0
52.6839 -45.5624 -45.5624 1 1 0
52.5864 -45.5846 -45.5846 1 1 0
52.4889 -45.6068 -45.6068 1 1 0
52.3915 -45.6292 -45.6292 1 1 0
52.294 -45.6516 -45.6516 1 1 0
52.1966 -45.6741 -45.6741 1 1 0
52.0991 -45.6966 -45.6966 1 1 0
52.0017 -45.7192 -45.7192 1 1 0
51.9043 -45.7419 -45.7419 1 1 0
51.807 -45.7647 -45.7647 1 1 0
51.7096 -45.7875 -45.7875 1 1 0
51.6123 -45.8104 -45.8104 1 1 0
51.5149 -45.8334 -45.8334 1 1 0
51.4176 -45.8564 -45.8564 1 1 0
51.3203 -45.8796 -45.8796 1 1 0
51.2231 -45.9028 -45.9028 1 1 0
51.1258 -45.926 -45.926 1 1 0
51.0286 -45.9494 -45.9494 1 1 0
50.9314 -45.9728 -45.9728 1 1 0
50.8342 -45.9963 -45.9963 1 1 0
50.737 -46.0199 -46.0199 1 1 0
50.6398 -46.0435 -46.0435 1 1 0
50.5427 -46.0673 -46.0673 1 1 0
50.4455 -46.0911 -46.0911 1 1 0
50.3484 -46.115 -46.115 1 1 0
50.2514 -46.1389 -46.1389 1 1 0
50.1543 -46.163 -46.163 1 1 0
50.0572 -46.1871 -46.1871 1 1 0
49.9602 -46.2113 -46.2113 1 1 0
49.8632 -46.2355 -46.2355 1 1 0
49.7662 -46.2599 -46.2599 1 1 0
49.6692 -46.2843 -46.2843 1 1 0
49.5723 -46.3088 -46.3088 1 1 0
49.4754 -46.3334 -46.3334 1 1 0
49.3785 -46.3581 -46.3581 1 1 0
49.2816 -46.3829 -46.3829 1 1 0
49.1847 -46.4077 -46.4077 1 1 0
49.0878 -46.4326 -46.4326 1 1 0
48.991 -46.4576 -46.4576 1 1 0
48.8942 -46.4827 -46.4827 1 1 0
48.7974 -46.5078 -46.5078 1 1 0
48.7007 -46.5331 -46.5331 1 1 0
48.6039 -46.5584 -46.5584 1 1 0
48.5072 -46.5838 -46.5838 1 1 0
48.4105 -46.6093 -46.6093 1 1 0
48.3138 -46.6349 -46.6349 1 1 0
48.2172 -46.6605 -46.6605 1 1 0
48.1206 -46.6863 -46.6863 1 1 0
48.024 -46.7121 -46.7121 1 1 0
47.9274 -46.738 -46.738 1 1 0
47.8308 -46.764 -46.764 1 1 0
47.7343 -46.7901 -46.7901 1 1 0
47.6378 -46.8163 -46.8163 1 1 0
47.5413 -46.8425 -46.8425 1 1 0
47.4448 -46.8689 -46.8689 1 1 0
47.3484 -46.8953 -46.8953 1 1 0
47.2519 -46.9218 -46.9218 1 1 0
47.1555 -46.9484 -46.9484 1 1 0
47.0592 -46.9751 -46.9751 1 1 0
46.9628 -47.0019 -47.0019 1 1 0
46.8665 -47.0287 -47.0287 1 1 0
46.7702 -47.0557 -47.0557 1 1 0
46.6739 -47.0827 -47.0827 1 1 0
46.5777 -47.1099 -47.1099 1 1 0
46.4814 -47.1371 -47.1371 1 1 0
46.3852 -47.1644 -47.1644 1 1 0
46.2891 -47.1918 -47.1918 1 1 0
46.1929 -47.2193 -47.2193 1 1 0
46.0968 -47.2469 -47.2469 1 1 0
46.0007 -47.2746 -47.2746 1 1 0
45.9046 -47.3023 -47.3023 1 1 0
45.8086 -47.3302 -47.3302 1 1 0
45.7126 -47.3581 -47.3581 1 1 0
45.6166 -47.3862 -47.3862 1 1 0
45.5206 -47.4143 -47.4143 1 1 0
45.4247 -47.4425 -47.4425 1 1 0
45.3288 -47.4708 -47.4708 1 1 0
45.2329 -47.4992 -47.4992 1 1 0
45.1371 -47.5277 -47.5277 1 1 0
45.0412 -47.5563 -47.5563 1 1 0
44.9454 -47.585 -47.585 1 1 0
44.8497 -47.6138 -47.6138 1 1 0
44.7539 -47.6427 -47.6427 1 1 0
44.6582 -47.6717 -47.6717 1 1 0
44.5625 -47.7007 -47.7007 1 1 0
44.4669 -47.7299 -47.7299 1 1 0
44.3713 -47.7592 -47.7592 1 1 0
44.2757 -47.7885 -47.7885 1 1 0
44.1801 -47.8179 -47.8179 1 1 0
44.0846 -47.8475 -47.8475 1 1 0
43.9891 -47.8771 -47.8771 1 1 0
43.8936 -47.9069 -47.9069 1 1 0
43.7981 -47.9367 -47.9367 1 1 0
43.7027 -47.9666 -47.9666 1 1 0
43.6073 -47.9967 -47.9967 1 1 0
43.512 -48.0268 -48.0268 1 1 0
43.4167 -48.057 -48.057 1 1 0
43.3214 -48.0873 -48.0873 1 1 0
43.2261 -48.1177 -48.1177 1 1 0
43.1309 -48.1482 -48.1482 1 1 0
43.0357 -48.1789 -48.1789 1 1 0
42.9405 -48.2096 -48.2096 1 1 0
42.8454 -48.2404 -48.2404 1 1 0
42.7503 -48.2713 -48.2713 1 1 0
42.6552 -48.3023 -48.3023 1 1 0
42.5601 -48.3334 -48.3334 1 1 0
42.4651 -48.3646 -48.3646 1 1 0
42.3702 -48.3959 -48.3959 1 1 0
42.2752 -48.4273 -48.4273 1 1 0
42.1803 -48.4588 -48.4588 1 1 0
42.0854 -48.4904 -48.4904 1 1 0
41.9906 -48.5221 -48.5221 1 1 0
41.8958 -48.5539 -48.5539 1 1 0
41.801 -48.5858 -48.5858 1 1 0
41.7063 -48.6178 -48.6178 1 1 0
41.6116 -48.6499 -48.6499 1 1 0
41.5169 -48.6821 -48.6821 1 1 0
41.4223 -48.7144 -48.7144 1 1 0
41.3277 -48.7468 -48.7468 1 1 0
41.2331 -48.7794 -48.7794 1 1 0
41.1386 -48.812 -48.812 1 1 0
41.0441 -48.8447 -48.8447 1 1 0
40.9496 -48.8775 -48.8775 1 1 0
40.8552 -48.9104 -48.9104 1 1 0
40.7608 -48.9434 -48.9434 1 1 0
40.6664 -48.9765 -48.9765 1 1 0
40.5721 -49.0097 -49.0097 1 1 0
40.4778 -49.043 -49.043 1 1 0
40.3835 -49.0765 -49.0765 1 1 0
40.2893 -49.11 -49.11 1 1 0
40.1952 -49.1436 -49.1436 1 1 0
40.101 -49.1773 -49.1773 1 1 0
40.0069 -49.2112 -49.2112 1 1 0
39.9128 -49.2451 -49.2451 1 1 0
39.8188 -49.2791 -49.2791 1 1 0
39.7248 -49.3132 -49.3132 1 1 0
39.6309 -49.3475 -49.3475 1 1 0
39.5369 -49.3818 -49.3818 1 1 0
39.443 -49.4162 -49.4162 1 1 0
39.3492 -49.4508 -49.4508 1 1 0
39.2554 -49.4854 -49.4854 1 1 0
39.1616 -49.5202 -49.5202 1 1 0
39.0679 -49.555 -49.555 1 1 0
38.9742 -49.5899 -49.5899 1 1 0
38.8805 -49.625 -49.625 1 1 0
38.7869 -49.6601 -49.6601 1 1 0
38.6933 -49.6954 -49.6954 1 1 0
38.5998 -49.7307 -49.7307 1 1 0
38.5063 -49.7662 -49.7662 1 1 0
38.4128 -49.8017 -49.8017 1 1 0
38.3194 -49.8374 -49.8374 1 1 0
38.226 -49.8731 -49.8731 1 1 0
38.1326 -49.909 -49.909 1 1 0
38.0393 -49.945 -49.945 1 1 0
37.9461 -49.981 -49.981 1 1 0
37.8528 -50.0172 -50.0172 1 1 0
37.7596 -50.0534 -50.0534 1 1 0
37.6665 -50.0898 -50.0898 1 1 0
37.5734 -50.1262 -50.1262 1 1 0
37.4803 -50.1628 -50.1628 1 1 0
37.3872 -50.1995 -50.1995 1 1 0
37.2942 -50.2362 -50.2362 1 1 0
37.2013 -50.2731 -50.2731 1 1 0
37.1084 -50.31 -50.31 1 1 0
37.0155 -50.3471 -50.3471 1 1 0
36.9226 -50.3842 -50.3842 1 1 0
36.8298 -50.4215 -50.4215 1 1 0
36.7371 -50.4588 -50.4588 1 1 0
36.6443 -50.4963 -50.4963 1 1 0
36.5517 -50.5338 -50.5338 1 1 0
36.459 -50.5715 -50.5715 1 1 0
36.3664 -50.6092 -50.6092 1 1 0
36.2738 -50.6471 -50.6471 1 1 0
36.1813 -50.685 -50.685 1 1 0
36.0888 -50.723 -50.723 1 1 0
35.9964 -50.7612 -50.7612 1 1 0
35.904 -50.7994 -50.7994 1 1 0
35.8116 -50.8377 -50.8377 1 1 0
35.7193 -50.8761 -50.8761 1 1 0
35.627 -50.9146 -50.9146 1 1 0
35.5348 -50.9532 -50.9532 1 1 0
35.4426 -50.9919 -50.9919 1 1 0
35.3504 -51.0307 -51.0307 1 1 0
35.2583 -51.0696 -51.0696 1 1 0
35.1662 -51.1086 -51.1086 1 1 0
35.0741 -51.1477 -51.1477 1 1 0
34.9821 -51.1869 -51.1869 1 1 0
34.8901 -51.2261 -51.2261 1 1 0
34.7982 -51.2655 -51.2655 1 1 0
34.7063 -51.3049 -51.3049 1 1 0
34.6145 -51.3445 -51.3445 1 1 0
34.5227 -51.3841 -51.3841 1 1 0
34.4309 -51.4238 -51.4238 1 1 0
34.3391 -51.4636 -51.4636 1 1 0
34.2475 -51.5035 -51.5035 1 1 0
34.1558 -51.5435 -51.5435 1 1 0
34.0642 -51.5836 -51.5836 1 1 0
33.9726 -51.6238 -51.6238 1 1 0
33.8811 -51.664 -51.664 1 1 0
33.7896 -51.7044 -51.7044 1 1 0
33.6981 -51.7448 -51.7448 1 1 0
33.6067 -51.7853 -51.7853 1 1 0
33.5153 -51.8259 -51.8259 1 1 0
33.424 -51.8666 -51.8666 1 1 0
33.3326 -51.9074 -51.9074 1 1 0
33.2414 -51.9483 -51.9483 1 1 0
33.1501 -51.9892 -51.9892 1 1 0
33.0589 -52.0302 -52.0302 1 1 0
32.9678 -52.0714 -52.0714 1 1 0
32.8767 -52.1126 -52.1126 1 1 0
32.7856 -52.1538 -52.1538 1 1 0
32.6946 -52.1952 -52.1952 1 1 0
32.6035 -52.2367 -52.2367 1 1 0
32.5126 -52.2782 -52.2782 1 1 0
32.4216 -52.3198 -52.3198 1 1 0
32.3308 -52.3615 -52.3615 1 1 0
32.2399 -52.4033 -52.4033 1 1 0
32.1491 -52.4451 -52.4451 1 1 0
32.0583 -52.487 -52.487 1 1 0
31.9675 -52.5291 -52.5291 1 1 0
31.8768 -52.5711 -52.5711 1 1 0
31.7861 -52.6133 -52.6133 1 1 0
31.6955 -52.6555 -52.6555 1 1 0
31.6049 -52.6979 -52.6979 1 1 0
31.5143 -52.7402 -52.7402 1 1 0
31.4238 -52.7827 -52.7827 1 1 0
31.3333 -52.8253 -52.8253 1 1 0
31.2428 -52.8679 -52.8679 1 1 0
31.1524 -52.9106 -52.9106 1 1 0
31.062 -52.9533 -52.9533 1 1 0
30.9716 -52.9962 -52.9962 1 1 0
30.8813 -53.0391 -53.0391 1 1 0
30.791 -53.082 -53.082 1 1 0
30.7008 -53.1251 -53.1251 1 1 0
30.6105 -53.1682 -53.1682 1 1 0
30.5203 -53.2114 -53.2114 1 1 0
30.4302 -53.2547 -53.2547 1 1 0
30.3401 -53.298 -53.298 1 1 0
30.25 -53.3414 -53.3414 1 1 0
30.1599 -53.3848 -53.3848 1 1 0
30.0699 -53.4284 -53.4284 1 1 0
29.9799 -53.472 -53.472 1 1 0
29.8899 -53.5156 -53.5156 1 1 0
29.8 -53.5593 -53.5593 1 1 0
29.7101 -53.6031 -53.6031 1 1 0
29.6202 -53.647 -53.647 1 1 0
29.5304 -53.6909 -53.6909 1 1 0
29.4406 -53.7349 -53.7349 1 1 0
29.3508 -53.7789 -53.7789 1 1 0
29.261 -53.823 -53.823 1 1 0
29.1713 -53.8672 -53.8672 1 1 0
29.0816 -53.9114 -53.9114 1 1 0
28.992 -53.9557 -53.9557 1 1 0
28.9023 -54 -54 1 1 0
28.8127 -54.0444 -54.0444 1 1 0
28.7231 -54.0889 -54.0889 1 1 0
28.6336 -54.1334 -54.1334 1 1 0
28.5441 -54.178 -54.178 1 1 0
28.4546 -54.2226 -54.2226 1 1 0
28.3651 -54.2673 -54.2673 1 1 0
28.2757 -54.312 -54.312 1 1 0
28.1863 -54.3568 -54.3568 1 1 0
28.0969 -54.4017 -54.4017 1 1 0
28.0076 -54.4466 -54.4466 1 1 0
27.9182 -54.4915 -54.4915 1 1 0
27.8289 -54.5365 -54.5365 1 1 0
27.7397 -54.5816 -54.5816 1 1 0
27.6504 -54.6267 -54.6267 1 1 0
27.5612 -54.6719 -54.6719 1 1 0
27.472 -54.7171 -54.7171 1 1 0
27.3828 -54.7623 -54.7623 1 1 0
27.2937 -54.8076 -54.8076 1 1 0
27.2045 -54.853 -54.853 1 1 0
27.1154 -54.8984 -54.8984 1 1 0
27.0264 -54.9438 -54.9438 1 1 0
26.9373 -54.9893 -54.9893 1 1 0
26.8483 -55.0349 -55.0349 1 1 0
26.7593 -55.0805 -55.0805 1 1 0
26.6703 -55.1261 -55.1261 1 1 0
26.5813 -55.1718 -55.1718 1 1 0
26.4924 -55.2175 -55.2175 1 1 0
26.4035 -55.2632 -55.2632 1 1 0
26.3146 -55.309 -55.309 1 1 0
26.2257 -55.3549 -55.3549 1 1 0
26.1369 -55.4008 -55.4008 1 1 0
26.048 -55.4467 -55.4467 1 1 0
25.9592 -55.4927 -55.4927 1 1 0
25.8704 -55.5387 -55.5387 1 1 0
25.7817 -55.5847 -55.5847 1 1 0
25.6929 -55.6308 -55.6308 1 1 0
25.6042 -55.6769 -55.6769 1 1 0
25.5155 -55.7231 -55.7231 1 1 0
25.4268 -55.7693 -55.7693 1 1 0
25.3381 -55.8155 -55.8155 1 1 0
25.2495 -55.8618 -55.8618 1 1 0
25.1608 -55.9081 -55.9081 1 1 0
25.0722 -55.9544 -55.9544 1 1 0
24.9836 -56.0008 -56.0008 1 1 0
24.895 -56.0472 -56.0472 1 1 0
24.8065 -56.0936 -56.0936 1 1 0
24.7179 -56.1401 -56.1401 1 1 0
24.6294 -56.1866 -56.1866 1 1 0
24.5409 -56.2332 -56.2332 1 1 0
24.4524 -56.2797 -56.2797 1 1 0
24.3639 -56.3263 -56.3263 1 1 0
24.2755 -56.373 -56.373 1 1 0
24.187 -56.4196 -56.4196 1 1 0
24.0986 -56.4663 -56.4663 1 1 0
24.0102 -56.513 -56.513 1 1 0
23.9218 -56.5598 -56.5598 1 1 0
23.8334 -56.6065 -56.6065 1 1 0
23.745 -56.6533 -56.6533 1 1 0
23.6566 -56.7002 -56.7002 1 1 0
23.5683 -56.747 -56.747 1 1 0
23.48 -56.7939 -56.7939 1 1 0
23.3917 -56.8408 -56.8408 1 1 0
23.3034 -56.8877 -56.8877 1 1 0
23.2151 -56.9347 -56.9347 1 1 0
23.1268 -56.9817 -56.9817 1 1 0
23.0385 -57.0287 -57.0287 1 1 0
22.9503 -57.0757 -57.0757 1 1 0
22.862 -57.1228 -57.1228 1 1 0
22.7738 -57.1698 -57.1698 1 1 0
22.6856 -57.2169 -57.2169 1 1 0
22.5974 -57.2641 -57.2641 1 1 0
22.5092 -57.3112 -57.3112 1 1 0
22.421 -57.3583 -57.3583 1 1 0
22.3328 -57.4055 -57.4055 1 1 0
22.2447 -57.4527 -57.4527 1 1 0
22.1565 -57.4999 -57.4999 1 1 0
22.0684 -57.5472 -57.5472 1 1 0
21.9803 -57.5944 -57.5944 1 1 0
21.8921 -57.6417 -57.6417 1 1 0
21.804 -57.689 -57.689 1 1 0
21.7159 -57.7363 -57.7363 1 1 0
21.6278 -57.7837 -57.7837 1 1 0
21.5398 -57.831 -57.831 1 1 0
21.4517 -57.8784 -57.8784 1 1 0
21.3636 -57.9257 -57.9257 1 1 0
21.2756 -57.9731 -57.9731 1 1 0
21.1875 -58.0205 -58.0205 1 1 0
21.0995 -58.068 -58.068 1 1 0
21.0115 -58.1154 -58.1154 1 1 0
20.9234 -58.1629 -58.1629 1 1 0
20.8354 -58.2103 -58.2103 1 1 0
20.7474 -58.2578 -58.2578 1 1 0
20.6594 -58.3053 -58.3053 1 1 0
20.5714 -58.3528 -58.3528 1 1 0
20.4834 -58.4003 -58.4003 1 1 0
20.3954 -58.4479 -58.4479 1 1 0
20.3075 -58.4954 -58.4954 1 1 0
20.2195 -58.543 -58.543 1 1 0
20.1315 -58.5905 -58.5905 1 1 0
20.0436 -58.6381 -58.6381 1 1 0
19.9556 -58.6857 -58.6857 1 1 0
19.8677 -58.7333 -58.7333 1 1 0
19.7798 -58.7809 -58.7809 1 1 0
19.6918 -58.8286 -58.8286 1 1 0
19.6039 -58.8762 -58.8762 1 1 0
19.516 -58.9238 -58.9238 1 1 0
19.4281 -58.9715 -58.9715 1 1 0
19.3401 -59.0191 -59.0191 1 1 0
19.2522 -59.0668 -59.0668 1 1 0
19.1643 -59.1145 -59.1145 1 1 0
19.0764 -59.1622 -59.1622 1 1 0
18.9885 -59.2099 -59.2099 1 1 0
18.9006 -59.2575 -59.2575 1 1 0
18.8128 -59.3053 -59.3053 1 1 0
18.7249 -59.353 -59.353 1 1 0
18.637 -59.4007 -59.4007 1 1 0
18.5491 -59.4484 -59.4484 1 1 0
18.4612 -59.4961 -59.4961 1 1 0
18.3734 -59.5439 -59.5439 1 1 0
18.2855 -59.5916 -59.5916 1 1 0
18.1976 -59.6394 -59.6394 1 1 0
18.1098 -59.6871 -59.6871 1 1 0
18.0219 -59.7349 -59.7349 1 1 0
17.9341 -59.7826 -59.7826 1 1 0
17.8462 -59.8304 -59.8304 1 1 0
17.7584 -59.8782 -59.8782 1 1 0
17.6705 -59.9259 -59.9259 1 1 0
17.5827 -59.9737 -59.9737 1 1 0
17.4948 -60.0215 -60.0215 1 1 0
17.407 -60.0693 -60.0693 1 1 0
17.3191 -60.1171 -60.1171 1 1 0
17.2313 -60.1649 -60.1649 1 1 0
17.1434 -60.2127 -60.2127 1 1 0
17.0556 -60.2605 -60.2605 1 1 0
16.9678 -60.3083 -60.3083 1 1 0
16.8799 -60.3561 -60.3561 1 1 0
16.7921 -60.4039 -60.4039 1 1 0
16.7043 -60.4517 -60.4517 1 1 0
16.6164 -60.4995 -60.4995 1 1 0
16.5286 -60.5473 -60.5473 1 1 0
16.4408 -60.5951 -60.5951 1 1 0
16.3529 -60.6429 -60.6429 1 1 0
16.2651 -60.6907 -60.6907 1 1 0
16.1773 -60.7385 -60.7385 1 1 0
16.0894 -60.7863 -60.7863 1 1 0
16.0016 -60.8341 -60.8341 1 1 0
15.9138 -60.882 -60.882 1 1 0
15.826 -60.9298 -60.9298 1 1 0
15.7381 -60.9776 -60.9776 1 1 0
15.6503 -61.0254 -61.0254 1 1 0
15.5625 -61.0732 -61.0732 1 1 0
15.4746 -61.121 -61.121 1 1 0
15.3868 -61.1688 -61.1688 1 1 0
15.299 -61.2166 -61.2166 1 1 0
15.2111 -61.2644 -61.2644 1 1 0
15.1233 -61.3122 -61.3122 1 1 0
15.0355 -61.36 -61.36 1 1 0
14.9476 -61.4078 -61.4078 1 1 0
14.8598 -61.4556 -61.4556 1 1 0
14.772 -61.5034 -61.5034 1 1 0
14.6841 -61.5512 -61.5512 1 1 0
14.5963 -61.599 -61.599 1 1 0
14.5084 -61.6468 -61.6468 1 1 0
14.4206 -61.6946 -61.6946 1 1 0
14.3328 -61.7424 -61.7424 1 1 0
14.2449 -61.7902 -61.7902 1 1 0
14.1571 -61.8379 -61.8379 1 1 0
14.0692 -61.8857 -61.8857 1 1 0
13.9814 -61.9335 -61.9335 1 1 0
13.8935 -61.9813 -61.9813 1 1 0
13.8057 -62.029 -62.029 1 1 0
13.7178 -62.0768 -62.0768 1 1 0
13.6299 -62.1246 -62.1246 1 1 0
13.5421 -62.1723 -62.1723 1 1 0
13.4542 -62.2201 -62.2201 1 1 0
13.3664 -62.2678 -62.2678 1 1 0
13.2785 -62.3156 -62.3156 1 1 0
13.1906 -62.3633 -62.3633 1 1 0
13.1028 -62.4111 -62.4111 1 1 0
13.0149 -62.4588 -62.4588 1 1 0
12.927 -62.5065 -62.5065 1 1 0
12.8391 -62.5542 -62.5542 1 1 0
12.7513 -62.602 -62.602 1 1 0
12.6634 -62.6497 -62.6497 1 1 0
12.5755 -62.6974 -62.6974 1 1 0
12.4876 -62.7451 -62.7451 1 1 0
12.3997 -62.7928 -62.7928 1 1 0
12.3118 -62.8405 -62.8405 1 1 0
12.2239 -62.8882 -62.8882 1 1 0
12.136 -62.9359 -62.9359 1 1 0
12.0481 -62.9836 -62.9836 1 1 0
11.9602 -63.0312 -63.0312 1 1 0
11.8723 -63.0789 -63.0789 1 1 0
11.7844 -63.1266 -63.1266 1 1 0
11.6965 -63.1742 -63.1742 1 1 0
11.6086 -63.2219 -63.2219 1 1 0
11.5207 -63.2695 -63.2695 1 1 0
11.4327 -63.3172 -63.3172 1 1 0
11.3448 -63.3648 -63.3648 1 1 0
11.2569 -63.4124 -63.4124 1 1 0
11.169 -63.4601 -63.4601 1 1 0
11.081 -63.5077 -63.5077 1 1 0
10.9931 -63.5553 -63.5553 1 1 0
10.9052 -63.6029 -63.6029 1 1 0
10.8172 -63.6505 -63.6505 1 1 0
10.7293 -63.6981 -63.6981 1 1 0
10.6413 -63.7457 -63.7457 1 1 0
10.5534 -63.7933 -63.7933 1 1 0
10.4654 -63.8409 -63.8409 1 1 0
10.3774 -63.8884 -63.8884 1 1 0
10.2895 -63.936 -63.936 1 1 0
10.2015 -63.9835 -63.9835 1 1 0
10.1135 -64.0311 -64.0311 1 1 0
10.0256 -64.0786 -64.0786 1 1 0
9.93758 -64.1262 -64.1262 1 1 0
9.8496 -64.1737 -64.1737 1 1 0
9.76161 -64.2212 -64.2212 1 1 0
9.67363 -64.2687 -64.2687 1 1 0
9.58563 -64.3163 -64.3163 1 1 0
9.49764 -64.3638 -64.3638 1 1 0
9.40963 -64.4113 -64.4113 1 1 0
9.32163 -64.4587 -64.4587 1 1 0
9.23362 -64.5062 -64.5062 1 1 0
9.14561 -64.5537 -64.5537 1 1 0
9.05759 -64.6012 -64.6012 1 1 0
8.96958 -64.6486 -64.6486 1 1 0
8.88155 -64.6961 -64.6961 1 1 0
8.79352 -64.7435 -64.7435 1 1 0
8.70549 -64.791 -64.791 1 1 0
8.61746 -64.8384 -64.8384 1 1 0
8.52942 -64.8858 -64.8858 1 1 0
8.44138 -64.9332 -64.9332 1 1 0
8.35333 -64.9807 -64.9807 1 1 0
8.26528 -65.0281 -65.0281 1 1 0
8.17722 -65.0755 -65.0755 1 1 0
8.08917 -65.1228 -65.1228 1 1 0
8.0011 -65.1702 -65.1702 1 1 0
7.91304 -65.2176 -65.2176 1 1 0
7.82497 -65.265 -65.265 1 1 0
7.73689 -65.3123 -65.3123 1 1 0
7.64881 -65.3597 -65.3597 1 1 0
7.56073 -65.407 -65.407 1 1 0
7.47264 -65.4544 -65.4544 1 1 0
7.38455 -65.5017 -65.5017 1 1 0
7.29646 -65.549 -65.549 1 1 0
7.20836 -65.5963 -65.5963 1 1 0
7.12025 -65.6436 -65.6436 1 1 0
7.03215 -65.6909 -65.6909 1 1 0
6.94403 -65.7382 -65.7382 1 1 0
6.85592 -65.7855 -65.7855 1 1 0
6.7678 -65.8328 -65.8328 1 1 0
6.67967 -65.88 -65.88 1 1 0
6.59155 -65.9273 -65.9273 1 1 0
6.50341 -65.9745 -65.9745 1 1 0
6.41528 -66.0218 -66.0218 1 1 0
6.32714 -66.069 -66.069 1 1 0
6.23899 -66.1163 -66.1163 1 1 0
6.15084 -66.1635 -66.1635 1 1 0
6.06269 -66.2107 -66.2107 1 1 0
5.97453 -66.2579 -66.2579 1 1 0
5.88637 -66.3051 -66.3051 1 1 0
5.79821 -66.3523 -66.3523 1 1 0
5.71004 -66.3995 -66.3995 1 1 0
5.62186 -66.4466 -66.4466 1 1 0
5.53368 -66.4938 -66.4938 1 1 0
5.4455 -66.541 -66.541 1 1 0
5.35732 -66.5881 -66.5881 1 1 0
5.26912 -66.6352 -66.6352 1 1 0
5.18093 -66.6824 -66.6824 1 1 0
5.09273 -66.7295 -66.7295 1 1 0
5.00453 -66.7766 -66.7766 1 1 0
4.91632 -66.8237 -66.8237 1 1 0
4.82811 -66.8708 -66.8708 1 1 0
4.73989 -66.9179 -66.9179 1 1 0
4.65167 -66.965 -66.965 1 1 0
4.56345 -67.0121 -67.0121 1 1 0
4.47522 -67.0592 -67.0592 1 1 0
4.38699 -67.1062 -67.1062 1 1 0
4.29875 -67.1533 -67.1533 1 1 0
4.21051 -67.2003 -67.2003 1 1 0
4.12226 -67.2474 -67.2474 1 1 0
4.03401 -67.2944 -67.2944 1 1 0
3.94576 -67.3414 -67.3414 1 1 0
3.8575 -67.3885 -67.3885 1 1 0
3.76924 -67.4355 -67.4355 1 1 0
3.68097 -67.4825 -67.4825 1 1 0
3.5927 -67.5295 -67.5295 1 1 0
3.50443 -67.5764 -67.5764 1 1 0
3.41615 -67.6234 -67.6234 1 1 0
3.32787 -67.6704 -67.6704 1 1 0
3.23958 -67.7173 -67.7173 1 1 0
3.15129 -67.7643 -67.7643 1 1 0
3.06299 -67.8112 -67.8112 1 1 0
2.97469 -67.8582 -67.8582 1 1 0
2.88639 -67.9051 -67.9051 1 1 0
2.79808 -67.952 -67.952 1 1 0
2.70977 -67.999 -67.999 1 1 0
2.62145 -68.0459 -68.0459 1 1 0
2.53313 -68.0928 -68.0928 1 1 0
2.44481 -68.1396 -68.1396 1 1 0
2.35648 -68.1865 -68.1865 1 1 0
2.26815 -68.2334 -68.2334 1 1 0
2.17981 -68.2803 -68.2803 1 1 0
2.09147 -68.3271 -68.3271 1 1 0
2.00312 -68.374 -68.374 1 1 0
1.91477 -68.4208 -68.4208 1 1 0
1.82642 -68.4677 -68.4677 1 1 0
1.73806 -68.5145 -68.5145 1 1 0
1.6497 -68.5613 -68.5613 1 1 0
1.56134 -68.6081 -68.6081 1 1 0
1.47297 -68.6549 -68.6549 1 1 0
1.38459 -68.7017 -68.7017 1 1 0
1.29622 -68.7485 -68.7485 1 1 0
1.20783 -68.7953 -68.7953 1 1 0
1.11945 -68.8421 -68.8421 1 1 0
1.03106 -68.8889 -68.8889 1 1 0
0.942665 -68.9356 -68.9356 1 1 0
0.854267 -68.9824 -68.9824 1 1 0
0.765866 -69.0291 -69.0291 1 1 0
0.67746 -69.0759 -69.0759 1 1 0
0.58905 -69.1226 -69.1226 1 1 0
0.500637 -69.1693 -69.1693 1 1 0
0.412219 -69.216 -69.216 1 1 0
0.323798 -69.2627 -69.2627 1 1 0
0.235372 -69.3094 -69.3094 1 1 0
0.146943 -69.3561 -69.3561 1 1 0
0.0585092 -69.4028 -69.4028 1 1 0
-0.0299281 -69.4495 -69.4495 1 1 0
