0 0 
0.05 0.0185808 
0.1 0.0493833 
0.15 0.0909655 
0.2 0.135552 
0.25 0.176512 
0.3 0.21131 
0.35 0.24008 
0.4 0.263826 
0.45 0.283558 
0.5 0.300045 
0.55 0.313811 
0.6 0.325163 
0.65 0.334231 
0.7 0.340998 
0.75 0.345128 
0.8 0.345546 
0.85 0.343095 
0.9 0.338947 
0.95 0.333141 
1 0.325583 
1.05 0.316323 
1.1 0.305563 
1.15 0.29361 
1.2 0.280818 
1.25 0.267541 
1.3 0.254096 
1.35 0.240749 
1.4 0.227708 
1.45 0.215124 
1.5 0.203101 
1.55 0.191704 
1.6 0.180964 
1.65 0.17089 
1.7 0.161474 
1.75 0.152695 
1.8 0.144525 
1.85 0.13693 
1.9 0.129876 
1.95 0.123325 
2 0.117243 
2.05 0.111594 
2.1 0.106344 
2.15 0.101463 
2.2 0.0969208 
2.25 0.0926902 
2.3 0.088746 
2.35 0.0850651 
2.4 0.0816262 
2.45 0.0784098 
2.5 0.075398 
2.55 0.0725745 
2.6 0.0699246 
2.65 0.0674347 
2.7 0.0650923 
2.75 0.0628863 
2.8 0.0608064 
2.85 0.0588431 
2.9 0.0569878 
2.95 0.0552329 
3 0.053571 
3.05 0.0519957 
3.1 0.0505009 
3.15 0.0490812 
3.2 0.0477315 
3.25 0.0464472 
3.3 0.0452241 
3.35 0.0440582 
3.4 0.0429459 
3.45 0.041884 
3.5 0.0408693 
3.55 0.0398991 
3.6 0.0389708 
3.65 0.0380819 
3.7 0.0372302 
3.75 0.0364137 
3.8 0.0356304 
3.85 0.0348786 
3.9 0.0341566 
3.95 0.0334629 
4 0.0327961 
4.05 0.0321548 
4.1 0.0315378 
4.15 0.030944 
4.2 0.0303722 
4.25 0.0298215 
4.3 0.029291 
4.35 0.0287797 
4.4 0.0282869 
4.45 0.0278118 
4.5 0.0273536 
4.55 0.0269117 
4.6 0.0264855 
4.65 0.0260743 
4.7 0.0256777 
4.75 0.025295 
4.8 0.0249259 
4.85 0.0245697 
4.9 0.0242262 
4.95 0.0238949 
5 0.0235754 
5.05 0.0232673 
5.1 0.0229703 
5.15 0.0226842 
5.2 0.0224085 
5.25 0.022143 
5.3 0.0218874 
5.35 0.0216415 
5.4 0.021405 
5.45 0.0211778 
5.5 0.0209595 
5.55 0.02075 
5.6 0.020549 
5.65 0.0203565 
5.7 0.0201722 
5.75 0.0199959 
5.8 0.0198276 
5.85 0.019667 
5.9 0.019514 
5.95 0.0193685 
6 0.0192303 
6.05 0.0190993 
6.1 0.0189754 
6.15 0.0188585 
6.2 0.0187484 
6.25 0.0186451 
6.3 0.0185484 
6.35 0.0184583 
6.4 0.0183747 
6.45 0.0182973 
6.5 0.0182263 
6.55 0.0181614 
6.6 0.0181025 
6.65 0.0180496 
6.7 0.0180027 
6.75 0.0179615 
6.8 0.017926 
6.85 0.0178961 
6.9 0.0178717 
6.95 0.0178527 
7 0.0178391 
7.05 0.0178307 
7.1 0.0178275 
7.15 0.0178293 
7.2 0.017836 
7.25 0.0178475 
7.3 0.0178638 
7.35 0.0178847 
7.4 0.0179101 
7.45 0.0179398 
7.5 0.0179739 
7.55 0.0180121 
7.6 0.0180543 
7.65 0.0181004 
7.7 0.0181503 
7.75 0.0182038 
7.8 0.0182608 
7.85 0.0183212 
7.9 0.0183848 
7.95 0.0184514 
8 0.018521 
8.05 0.0185933 
8.1 0.0186682 
8.15 0.0187456 
8.2 0.0188252 
8.25 0.018907 
8.3 0.0189907 
8.35 0.0190762 
8.4 0.0191633 
8.45 0.0192519 
8.5 0.0193417 
8.55 0.0194327 
8.6 0.0195246 
8.65 0.0196173 
8.7 0.0197105 
8.75 0.0198042 
8.8 0.0198982 
8.85 0.0199923 
8.9 0.0200863 
8.95 0.0201801 
9 0.0202735 
9.05 0.0203663 
9.1 0.0204585 
9.15 0.0205499 
9.2 0.0206403 
9.25 0.0207296 
9.3 0.0208177 
9.35 0.0209045 
9.4 0.0209897 
9.45 0.0210734 
9.5 0.0211554 
9.55 0.0212356 
9.6 0.0213139 
9.65 0.0213902 
9.7 0.0214645 
9.75 0.0215366 
9.8 0.0216065 
9.85 0.0216742 
9.9 0.0217396 
9.95 0.0218026 
10 0.0218632 
10.05 0.0219214 
10.1 0.0219771 
10.15 0.0220303 
10.2 0.022081 
10.25 0.0221292 
10.3 0.0221748 
10.35 0.022218 
10.4 0.0222586 
10.45 0.0222967 
10.5 0.0223324 
10.55 0.0223655 
10.6 0.0223962 
10.65 0.0224245 
10.7 0.0224505 
10.75 0.022474 
10.8 0.0224953 
10.85 0.0225143 
10.9 0.0225311 
10.95 0.0225457 
11 0.0225582 
11.05 0.0225686 
11.1 0.022577 
11.15 0.0225835 
11.2 0.022588 
11.25 0.0225908 
11.3 0.0225917 
11.35 0.0225909 
11.4 0.0225885 
11.45 0.0225844 
11.5 0.0225789 
11.55 0.0225718 
11.6 0.0225634 
11.65 0.0225536 
11.7 0.0225425 
11.75 0.0225303 
11.8 0.0225168 
11.85 0.0225023 
11.9 0.0224868 
11.95 0.0224703 
12 0.0224529 
12.05 0.0224346 
12.1 0.0224156 
12.15 0.0223958 
12.2 0.0223753 
12.25 0.0223542 
12.3 0.0223326 
12.35 0.0223105 
12.4 0.0222879 
12.45 0.0222648 
12.5 0.0222415 
12.55 0.0222178 
12.6 0.0221939 
12.65 0.0221697 
12.7 0.0221454 
12.75 0.0221209 
12.8 0.0220963 
12.85 0.0220717 
12.9 0.0220471 
12.95 0.0220225 
13 0.021998 
13.05 0.0219736 
13.1 0.0219493 
13.15 0.0219252 
13.2 0.0219012 
13.25 0.0218775 
13.3 0.021854 
13.35 0.0218308 
13.4 0.0218079 
13.45 0.0217854 
13.5 0.0217631 
13.55 0.0217413 
13.6 0.0217198 
13.65 0.0216988 
13.7 0.0216781 
13.75 0.021658 
13.8 0.0216382 
13.85 0.021619 
13.9 0.0216002 
13.95 0.0215819 
14 0.0215641 
14.05 0.0215468 
14.1 0.0215301 
14.15 0.0215139 
14.2 0.0214982 
14.25 0.0214831 
14.3 0.0214685 
14.35 0.0214545 
14.4 0.021441 
14.45 0.0214281 
14.5 0.0214157 
14.55 0.0214039 
14.6 0.0213927 
14.65 0.021382 
14.7 0.0213719 
14.75 0.0213623 
14.8 0.0213533 
14.85 0.0213448 
14.9 0.0213369 
14.95 0.0213295 
15 0.0213226 
15.05 0.0213162 
15.1 0.0213104 
15.15 0.0213051 
15.2 0.0213002 
15.25 0.0212959 
15.3 0.021292 
15.35 0.0212886 
15.4 0.0212857 
15.45 0.0212833 
15.5 0.0212812 
15.55 0.0212796 
15.6 0.0212785 
15.65 0.0212777 
15.7 0.0212773 
15.75 0.0212774 
15.8 0.0212778 
15.85 0.0212785 
15.9 0.0212796 
15.95 0.0212811 
16 0.0212829 
16.05 0.0212849 
16.1 0.0212873 
16.15 0.02129 
16.2 0.0212929 
16.25 0.0212961 
16.3 0.0212996 
16.35 0.0213033 
16.4 0.0213072 
16.45 0.0213113 
16.5 0.0213156 
16.55 0.0213201 
16.6 0.0213248 
16.65 0.0213296 
16.7 0.0213346 
16.75 0.0213397 
16.8 0.0213449 
16.85 0.0213502 
16.9 0.0213557 
16.95 0.0213612 
17 0.0213668 
17.05 0.0213725 
17.1 0.0213782 
17.15 0.021384 
17.2 0.0213898 
17.25 0.0213956 
17.3 0.0214014 
17.35 0.0214073 
17.4 0.0214131 
17.45 0.0214189 
17.5 0.0214247 
17.55 0.0214305 
17.6 0.0214363 
17.65 0.0214419 
17.7 0.0214476 
17.75 0.0214532 
17.8 0.0214587 
17.85 0.0214641 
17.9 0.0214695 
17.95 0.0214748 
18 0.0214799 
18.05 0.021485 
18.1 0.02149 
18.15 0.0214949 
18.2 0.0214997 
18.25 0.0215043 
18.3 0.0215089 
18.35 0.0215133 
18.4 0.0215176 
18.45 0.0215218 
18.5 0.0215258 
18.55 0.0215298 
18.6 0.0215336 
18.65 0.0215372 
18.7 0.0215407 
18.75 0.0215441 
18.8 0.0215474 
18.85 0.0215505 
18.9 0.0215534 
18.95 0.0215563 
19 0.0215589 
19.05 0.0215615 
19.1 0.0215639 
19.15 0.0215662 
19.2 0.0215683 
19.25 0.0215703 
19.3 0.0215722 
19.35 0.021574 
19.4 0.0215756 
19.45 0.021577 
19.5 0.0215784 
19.55 0.0215796 
19.6 0.0215807 
19.65 0.0215817 
19.7 0.0215826 
19.75 0.0215833 
19.8 0.021584 
19.85 0.0215845 
19.9 0.0215849 
19.95 0.0215852 
20 0.0215854 
