
-82.4598 0.3 1 
-82.008 0.29 1 

-82.008 0.29 1 
-81.5324 0.28 1 

-81.5324 0.28 1 
-81.031 0.27 1 

-81.031 0.27 1 
-80.5015 0.26 1 

-80.5015 0.26 1 
-80.5 0.259972 1 

-79.9406 0.25 1 
-80.5 0.259972 1 

4 0.25063 1 
3.79621 0.25 1 

7.25 0.251813 1 
4 0.25063 1 

8.01224 0.25 1 
7.25 0.251813 1 

-79.9406 0.25 1 
-79.3465 0.24 1 

0.75 0.240271 1 
0.701211 0.24 1 

3.79621 0.25 1 
0.75 0.240271 1 

8.01224 0.25 1 
10.5 0.244258 1 

11.4094 0.24 1 
10.5 0.244258 1 

-79.3465 0.24 1 
-78.716 0.23 1 

0.701211 0.24 1 
-1.0656 0.23 1 

11.4094 0.24 1 
13.6052 0.23 1 

-78.716 0.23 1 
-78.0459 0.22 1 

-2.5 0.221615 1 
-2.71847 0.22 1 

-1.0656 0.23 1 
-2.5 0.221615 1 

13.6052 0.23 1 
13.75 0.229354 1 

15.2144 0.22 1 
13.75 0.229354 1 

-78.0459 0.22 1 
-77.3322 0.21 1 

-2.71847 0.22 1 
-4.04981 0.21 1 

15.2144 0.22 1 
16.8223 0.21 1 

-77.3322 0.21 1 
-77.25 0.208889 1 

-76.5684 0.2 1 
-77.25 0.208889 1 

-4.04981 0.21 1 
-5.34519 0.2 1 

16.8223 0.21 1 
17 0.208912 1 

18.1766 0.2 1 
17 0.208912 1 

-76.5684 0.2 1 
-75.751 0.19 1 

-5.75 0.196819 1 
-6.56216 0.19 1 

-5.34519 0.2 1 
-5.75 0.196819 1 

18.1766 0.2 1 
19.5253 0.19 1 

-75.751 0.19 1 
-74.8745 0.18 1 

-6.56216 0.19 1 
-7.72825 0.18 1 

19.5253 0.19 1 
20.25 0.18472 1 

20.8179 0.18 1 
20.25 0.18472 1 

-74.8745 0.18 1 
-74 0.170694 1 

-73.932 0.17 1 
-74 0.170694 1 

-7.72825 0.18 1 
-8.86559 0.17 1 

20.8179 0.18 1 
22.0389 0.17 1 

-73.932 0.17 1 
-72.9111 0.16 1 

-9 0.168802 1 
-10.0363 0.16 1 

-8.86559 0.17 1 
-9 0.168802 1 

22.0389 0.17 1 
23.2849 0.16 1 

-72.9111 0.16 1 
-71.807 0.15 1 

-10.0363 0.16 1 
-11.1854 0.15 1 

23.2849 0.16 1 
23.5 0.158294 1 

24.4625 0.15 1 
23.5 0.158294 1 

-71.807 0.15 1 
-70.75 0.141134 1 

-70.608 0.14 1 
-70.75 0.141134 1 

-12.25 0.140502 1 
-12.3145 0.14 1 

-11.1854 0.15 1 
-12.25 0.140502 1 

24.4625 0.15 1 
25.6431 0.14 1 

-70.608 0.14 1 
-69.2931 0.13 1 

-12.3145 0.14 1 
-13.5801 0.13 1 

25.6431 0.14 1 
26.75 0.130793 1 

26.8406 0.13 1 
26.75 0.130793 1 

-69.2931 0.13 1 
-67.855 0.12 1 

-13.5801 0.13 1 
-14.8098 0.12 1 

26.8406 0.13 1 
27.9942 0.12 1 

-67.855 0.12 1 
-67.5 0.117668 1 

-66.2601 0.11 1 
-67.5 0.117668 1 

-15.5 0.114259 1 
-16.1291 0.11 1 

-14.8098 0.12 1 
-15.5 0.114259 1 

27.9942 0.12 1 
29.1689 0.11 1 

-66.2601 0.11 1 
-64.4934 0.1 1 

-16.1291 0.11 1 
-17.5699 0.1 1 

29.1689 0.11 1 
30 0.103035 1 

-64.4934 0.1 1 
-64.25 0.0986996 1 

-62.4975 0.09 1 
-64.25 0.0986996 1 

-18.75 0.0915451 1 
-19.0313 0.09 1 

-17.5699 0.1 1 
-18.75 0.0915451 1 

-62.4975 0.09 1 
-61 0.0831859 1 

-60.2358 0.08 1 
-61 0.0831859 1 

-19.0313 0.09 1 
-20.8055 0.08 1 

-60.2358 0.08 1 
-57.75 0.0704334 1 

-57.6245 0.07 1 
-57.75 0.0704334 1 

-22 0.0730115 1 
-22.7076 0.07 1 

-20.8055 0.08 1 
-22 0.0730115 1 

-57.6245 0.07 1 
-54.5057 0.06 1 

-22.7076 0.07 1 
-24.9681 0.06 1 

-54.5057 0.06 1 
-54.5 0.0599831 1 

-51.25 0.0515439 1 
-54.5 0.0599831 1 

-50.5255 0.05 1 
-51.25 0.0515439 1 

-25.25 0.0587103 1 
-27.9995 0.05 1 

-24.9681 0.06 1 
-25.25 0.0587103 1 

-50.5255 0.05 1 
-48 0.044955 1 

-44.75 0.0401654 1 
-48 0.044955 1 

-44.5769 0.04 1 
-44.75 0.0401654 1 

-31.75 0.0414562 1 
-33.0074 0.04 1 

-28.5 0.0483425 1 
-31.75 0.0414562 1 

-27.9995 0.05 1 
-28.5 0.0483425 1 

-44.5769 0.04 1 
-41.5 0.0372247 1 

-38.25 0.0362801 1 
-41.5 0.0372247 1 

-35 0.037577 1 
-38.25 0.0362801 1 



-29.2962 0.3 2 
-29.5499 0.29 2 

-29.5499 0.29 2 
-29.8052 0.28 2 

-29.8052 0.28 2 
-30.0621 0.27 2 

-30.0621 0.27 2 
-30.3207 0.26 2 

-30.3207 0.26 2 
-30.5809 0.25 2 

-30.5809 0.25 2 
-30.8429 0.24 2 

-30.8429 0.24 2 
-31.1066 0.23 2 

-31.1066 0.23 2 
-31.372 0.22 2 

-31.372 0.22 2 
-31.6392 0.21 2 

-31.75 0.20587 2 
-31.9573 0.2 2 

-31.6392 0.21 2 
-31.75 0.20587 2 

-31.9573 0.2 2 
-32.3145 0.19 2 

-32.3145 0.19 2 
-32.677 0.18 2 

-32.677 0.18 2 
-33.0448 0.17 2 

-33.0448 0.17 2 
-33.418 0.16 2 

-33.418 0.16 2 
-33.7969 0.15 2 

-33.7969 0.15 2 
-34.1814 0.14 2 

-34.1814 0.14 2 
-34.5718 0.13 2 

-34.5718 0.13 2 
-34.9681 0.12 2 

-35 0.119203 2 
-35.5237 0.11 2 

-34.9681 0.12 2 
-35 0.119203 2 

-35.5237 0.11 2 
-36.1099 0.1 2 

-36.1099 0.1 2 
-36.7149 0.09 2 

-36.7149 0.09 2 
-37.3397 0.08 2 

-37.3397 0.08 2 
-37.9851 0.07 2 

-38.25 0.065989 2 
-38.8389 0.06 2 

-37.9851 0.07 2 
-38.25 0.065989 2 

-38.8389 0.06 2 
-39.8752 0.05 2 

-39.8752 0.05 2 
-40.9838 0.04 2 

-41.5 0.0355712 2 
-42.5028 0.03 2 

-40.9838 0.04 2 
-41.5 0.0355712 2 

-42.5028 0.03 2 
-44.5091 0.02 2 

-44.75 0.018891 2 
-47.9801 0.01 2 

-44.5091 0.02 2 
-44.75 0.018891 2 

-96.75 5.85969e-07 2 
-100 3.05474e-07 2 

-93.5 1.12245e-06 2 
-96.75 5.85802e-07 2 

-90.25 2.15009e-06 2 
-93.5 1.12224e-06 2 

-87 4.11858e-06 2 
-90.25 2.15042e-06 2 

-83.75 7.88927e-06 2 
-87 4.11831e-06 2 

-80.5 1.51121e-05 2 
-83.75 7.88923e-06 2 

-77.25 2.89475e-05 2 
-80.5 1.51126e-05 2 

-74 5.54486e-05 2 
-77.25 2.89474e-05 2 

-70.75 0.000106209 2 
-74 5.54491e-05 2 

-67.5 0.000203427 2 
-70.75 0.000106209 2 

-64.25 0.0003896 2 
-67.5 0.000203427 2 

-61 0.00074603 2 
-64.25 0.0003896 2 

-57.75 0.00142807 2 
-61 0.000746029 2 

-54.5 0.00273196 2 
-57.75 0.00142808 2 

-51.25 0.00522013 2 
-54.5 0.00273196 2 

-48 0.00995181 2 
-51.25 0.00522013 2 

