
-92.4858 0.3 1 
-92.2928 0.29 1 

-92.2928 0.29 1 
-92.0897 0.28 1 

-92.0897 0.28 1 
-91.8755 0.27 1 

-91.8755 0.27 1 
-91.6494 0.26 1 

-91.6494 0.26 1 
-91.4104 0.25 1 

-91.4104 0.25 1 
-91.1573 0.24 1 

-91.1573 0.24 1 
-90.8889 0.23 1 

-90.8889 0.23 1 
-90.6036 0.22 1 

-90.6036 0.22 1 
-90.2999 0.21 1 

4 0.212169 1 
3.37648 0.21 1 

7.25 0.214517 1 
4 0.212169 1 

9.5025 0.21 1 
7.25 0.214517 1 

-90.2999 0.21 1 
-90.25 0.208418 1 

-89.9756 0.2 1 
-90.25 0.208418 1 

0.75 0.200569 1 
0.654462 0.2 1 

3.37648 0.21 1 
0.75 0.200569 1 

9.5025 0.21 1 
10.5 0.208059 1 

12.3654 0.2 1 
10.5 0.208059 1 

-89.9756 0.2 1 
-89.6289 0.19 1 

0.654462 0.2 1 
-0.995725 0.19 1 

12.3654 0.2 1 
13.75 0.194189 1 

14.4341 0.19 1 
13.75 0.194189 1 

-89.6289 0.19 1 
-89.2573 0.18 1 

-2.5 0.180589 1 
-2.57553 0.18 1 

-0.995725 0.19 1 
-2.5 0.180589 1 

14.4341 0.19 1 
16.1008 0.18 1 

-89.2573 0.18 1 
-88.8582 0.17 1 

-2.57553 0.18 1 
-3.83962 0.17 1 

16.1008 0.18 1 
17 0.174724 1 

17.6455 0.17 1 
17 0.174724 1 

-88.8582 0.17 1 
-88.4282 0.16 1 

-3.83962 0.17 1 
-5.07133 0.16 1 

17.6455 0.17 1 
19.0358 0.16 1 

-88.4282 0.16 1 
-87.9637 0.15 1 

-5.75 0.154378 1 
-6.2464 0.15 1 

-5.07133 0.16 1 
-5.75 0.154378 1 

19.0358 0.16 1 
20.25 0.151456 1 

20.4306 0.15 1 
20.25 0.151456 1 

-87.9637 0.15 1 
-87.4604 0.14 1 

-6.2464 0.15 1 
-7.3608 0.14 1 

20.4306 0.15 1 
21.6858 0.14 1 

-87.4604 0.14 1 
-87 0.131532 1 

-86.9129 0.13 1 
-87 0.131532 1 

-7.3608 0.14 1 
-8.44902 0.13 1 

21.6858 0.14 1 
22.9674 0.13 1 

-86.9129 0.13 1 
-86.3147 0.12 1 

-9 0.124846 1 
-9.54244 0.12 1 

-8.44902 0.13 1 
-9 0.124846 1 

22.9674 0.13 1 
23.5 0.125906 1 

24.2052 0.12 1 
23.5 0.125906 1 

-86.3147 0.12 1 
-85.6592 0.11 1 

-9.54244 0.12 1 
-10.6417 0.11 1 

24.2052 0.12 1 
25.4179 0.11 1 

-85.6592 0.11 1 
-84.9378 0.1 1 

-10.6417 0.11 1 
-11.7145 0.1 1 

25.4179 0.11 1 
26.6544 0.1 1 

-84.9378 0.1 1 
-84.1399 0.09 1 

-12.25 0.0949176 1 
-12.8389 0.09 1 

-11.7145 0.1 1 
-12.25 0.0949176 1 

26.6544 0.1 1 
26.75 0.0992353 1 

27.8444 0.09 1 
26.75 0.0992353 1 

-84.1399 0.09 1 
-83.75 0.0854703 1 

-83.2514 0.08 1 
-83.75 0.0854703 1 

-12.8389 0.09 1 
-14.0123 0.08 1 

27.8444 0.09 1 
29.051 0.08 1 

-83.2514 0.08 1 
-82.2562 0.07 1 

-14.0123 0.08 1 
-15.1545 0.07 1 

29.051 0.08 1 
30 0.0722653 1 

-82.2562 0.07 1 
-81.1352 0.06 1 

-15.5 0.0669217 1 
-16.4402 0.06 1 

-15.1545 0.07 1 
-15.5 0.0669217 1 

-81.1352 0.06 1 
-80.5 0.0548436 1 

-79.8601 0.05 1 
-80.5 0.0548436 1 

-16.4402 0.06 1 
-17.7621 0.05 1 

-79.8601 0.05 1 
-78.3966 0.04 1 

-18.75 0.0423144 1 
-19.1288 0.04 1 

-17.7621 0.05 1 
-18.75 0.0423144 1 

-78.3966 0.04 1 
-77.25 0.0330643 1 

-76.6996 0.03 1 
-77.25 0.0330643 1 

-19.1288 0.04 1 
-20.726 0.03 1 

-76.6996 0.03 1 
-74.7025 0.02 1 

-22 0.0217295 1 
-22.3532 0.02 1 

-20.726 0.03 1 
-22 0.0217295 1 

-74.7025 0.02 1 
-74 0.016848 1 

-72.31 0.01 1 
-74 0.016848 1 

-22.3532 0.02 1 
-24.3343 0.01 1 

-72.31 0.01 1 
-70.75 0.00438146 1 

-69.3797 2.98023e-08 1 
-70.75 0.00438146 1 

-25.25 0.0051986 1 
-26.6049 2.98023e-08 1 

-24.3343 0.01 1 
-25.25 0.0051986 1 

-69.3797 9.31323e-09 1 
-67.5 -0.00540894 1 

-65.6575 -0.00999999 1 
-67.5 -0.00540894 1 

-28.5 -0.0076016 1 
-29.3449 -0.00999999 1 

-26.6049 9.31323e-09 1 
-28.5 -0.0076016 1 

-65.6575 -0.00999998 1 
-64.25 -0.0131885 1 

-61 -0.0193782 1 
-64.25 -0.0131885 1 

-60.6126 -0.02 1 
-61 -0.0193782 1 

-31.75 -0.0171519 1 
-33.148 -0.02 1 

-29.3449 -0.00999998 1 
-31.75 -0.0171519 1 

-60.6126 -0.02 1 
-57.75 -0.0242411 1 

-54.5 -0.027929 1 
-57.75 -0.0242411 1 

-51.9258 -0.03 1 
-54.5 -0.027929 1 

-38.25 -0.0284972 1 
-40.1331 -0.03 1 

-35 -0.0239615 1 
-38.25 -0.0284972 1 

-33.148 -0.02 1 
-35 -0.0239615 1 

-51.9258 -0.03 1 
-51.25 -0.0305074 1 

-48 -0.0319681 1 
-51.25 -0.0305074 1 

-44.75 -0.0322329 1 
-48 -0.0319681 1 

-41.5 -0.0311514 1 
-44.75 -0.0322329 1 



-29.2962 0.3 2 
-29.5499 0.29 2 

-29.5499 0.29 2 
-29.8052 0.28 2 

-29.8052 0.28 2 
-30.0621 0.27 2 

-30.0621 0.27 2 
-30.3207 0.26 2 

-30.3207 0.26 2 
-30.5809 0.25 2 

-30.5809 0.25 2 
-30.8429 0.24 2 

-30.8429 0.24 2 
-31.1066 0.23 2 

-31.1066 0.23 2 
-31.372 0.22 2 

-31.372 0.22 2 
-31.6392 0.21 2 

-31.75 0.20587 2 
-31.9573 0.2 2 

-31.6392 0.21 2 
-31.75 0.20587 2 

-31.9573 0.2 2 
-32.3145 0.19 2 

-32.3145 0.19 2 
-32.677 0.18 2 

-32.677 0.18 2 
-33.0448 0.17 2 

-33.0448 0.17 2 
-33.418 0.16 2 

-33.418 0.16 2 
-33.7969 0.15 2 

-33.7969 0.15 2 
-34.1814 0.14 2 

-34.1814 0.14 2 
-34.5718 0.13 2 

-34.5718 0.13 2 
-34.9681 0.12 2 

-35 0.119203 2 
-35.5237 0.11 2 

-34.9681 0.12 2 
-35 0.119203 2 

-35.5237 0.11 2 
-36.1099 0.1 2 

-36.1099 0.1 2 
-36.7149 0.09 2 

-36.7149 0.09 2 
-37.3397 0.08 2 

-37.3397 0.08 2 
-37.9851 0.07 2 

-38.25 0.065989 2 
-38.8389 0.06 2 

-37.9851 0.07 2 
-38.25 0.065989 2 

-38.8389 0.06 2 
-39.8752 0.05 2 

-39.8752 0.05 2 
-40.9838 0.04 2 

-41.5 0.0355712 2 
-42.5028 0.03 2 

-40.9838 0.04 2 
-41.5 0.0355712 2 

-42.5028 0.03 2 
-44.5091 0.02 2 

-44.75 0.018891 2 
-47.9801 0.01 2 

-44.5091 0.02 2 
-44.75 0.018891 2 

-96.75 5.85969e-07 2 
-100 3.05474e-07 2 

-93.5 1.12245e-06 2 
-96.75 5.85802e-07 2 

-90.25 2.15009e-06 2 
-93.5 1.12224e-06 2 

-87 4.11858e-06 2 
-90.25 2.15042e-06 2 

-83.75 7.88927e-06 2 
-87 4.11831e-06 2 

-80.5 1.51121e-05 2 
-83.75 7.88923e-06 2 

-77.25 2.89475e-05 2 
-80.5 1.51126e-05 2 

-74 5.54486e-05 2 
-77.25 2.89474e-05 2 

-70.75 0.000106209 2 
-74 5.54491e-05 2 

-67.5 0.000203427 2 
-70.75 0.000106209 2 

-64.25 0.0003896 2 
-67.5 0.000203427 2 

-61 0.00074603 2 
-64.25 0.0003896 2 

-57.75 0.00142807 2 
-61 0.000746029 2 

-54.5 0.00273196 2 
-57.75 0.00142808 2 

-51.25 0.00522013 2 
-54.5 0.00273196 2 

-48 0.00995181 2 
-51.25 0.00522013 2 

