
-84.969 0.3 1 
-84.5824 0.29 1 

-84.5824 0.29 1 
-84.1753 0.28 1 

-84.1753 0.28 1 
-83.75 0.270086 1 

-83.7462 0.27 1 
-83.75 0.270086 1 

-83.7462 0.27 1 
-83.2926 0.26 1 

-83.2926 0.26 1 
-82.8129 0.25 1 

-82.8129 0.25 1 
-82.3048 0.24 1 

4 0.241015 1 
3.68179 0.24 1 

7.25 0.242489 1 
4 0.241015 1 

8.33919 0.24 1 
7.25 0.242489 1 

-82.3048 0.24 1 
-81.7658 0.23 1 

0.75 0.230346 1 
0.68891 0.23 1 

3.68179 0.24 1 
0.75 0.230346 1 

8.33919 0.24 1 
10.5 0.235208 1 

11.6342 0.23 1 
10.5 0.235208 1 

-81.7658 0.23 1 
-81.1929 0.22 1 

0.68891 0.23 1 
-1.04723 0.22 1 

11.6342 0.23 1 
13.75 0.220563 1 

13.8381 0.22 1 
13.75 0.220563 1 

-81.1929 0.22 1 
-80.5829 0.21 1 

-2.5 0.211359 1 
-2.68127 0.21 1 

-1.04723 0.22 1 
-2.5 0.211359 1 

13.8381 0.22 1 
15.4268 0.21 1 

-80.5829 0.21 1 
-80.5 0.20869 1 

-79.9306 0.2 1 
-80.5 0.20869 1 

-2.68127 0.21 1 
-3.99513 0.2 1 

15.4268 0.21 1 
17 0.200365 1 

17.0481 0.2 1 
17 0.200365 1 

-79.9306 0.2 1 
-79.2328 0.19 1 

-3.99513 0.2 1 
-5.27399 0.19 1 

17.0481 0.2 1 
18.384 0.19 1 

-79.2328 0.19 1 
-78.4848 0.18 1 

-5.75 0.186209 1 
-6.48026 0.18 1 

-5.27399 0.19 1 
-5.75 0.186209 1 

18.384 0.19 1 
19.7507 0.18 1 

-78.4848 0.18 1 
-77.6808 0.17 1 

-6.48026 0.18 1 
-7.63299 0.17 1 

19.7507 0.18 1 
20.25 0.176404 1 

21.0283 0.17 1 
20.25 0.176404 1 

-77.6808 0.17 1 
-77.25 0.164932 1 

-76.8128 0.16 1 
-77.25 0.164932 1 

-7.63299 0.17 1 
-8.75764 0.16 1 

21.0283 0.17 1 
22.264 0.16 1 

-76.8128 0.16 1 
-75.8728 0.15 1 

-9 0.157813 1 
-9.9081 0.15 1 

-8.75764 0.16 1 
-9 0.157813 1 

22.264 0.16 1 
23.5 0.150197 1 

23.5229 0.15 1 
23.5 0.150197 1 

-75.8728 0.15 1 
-74.8533 0.14 1 

-9.9081 0.15 1 
-11.0443 0.14 1 

23.5229 0.15 1 
24.6946 0.14 1 

-74.8533 0.14 1 
-74 0.132233 1 

-73.7424 0.13 1 
-74 0.132233 1 

-11.0443 0.14 1 
-12.1523 0.13 1 

24.6946 0.14 1 
25.8887 0.13 1 

-73.7424 0.13 1 
-72.5231 0.12 1 

-12.25 0.129106 1 
-13.3869 0.12 1 

-12.1523 0.13 1 
-12.25 0.129106 1 

25.8887 0.13 1 
26.75 0.122904 1 

27.0847 0.12 1 
26.75 0.122904 1 

-72.5231 0.12 1 
-71.1851 0.11 1 

-13.3869 0.12 1 
-14.602 0.11 1 

27.0847 0.12 1 
28.2511 0.11 1 

-71.1851 0.11 1 
-70.75 0.106946 1 

-69.7002 0.1 1 
-70.75 0.106946 1 

-15.5 0.102425 1 
-15.852 0.1 1 

-14.602 0.11 1 
-15.5 0.102425 1 

28.2511 0.11 1 
29.4391 0.1 1 

-69.7002 0.1 1 
-68.0492 0.09 1 

-15.852 0.1 1 
-17.2731 0.09 1 

29.4391 0.1 1 
30 0.0953422 1 

-68.0492 0.09 1 
-67.5 0.0868988 1 

-66.1887 0.08 1 
-67.5 0.0868988 1 

-17.2731 0.09 1 
-18.6471 0.08 1 

-66.1887 0.08 1 
-64.25 0.0707276 1 

-64.0848 0.07 1 
-64.25 0.0707276 1 

-18.75 0.0792375 1 
-20.3594 0.07 1 

-18.6471 0.08 1 
-18.75 0.0792375 1 

-64.0848 0.07 1 
-61.6493 0.06 1 

-22 0.060191 1 
-22.0436 0.06 1 

-20.3594 0.07 1 
-22 0.060191 1 

-61.6493 0.06 1 
-61 0.0575448 1 

-58.7809 0.05 1 
-61 0.0575448 1 

-22.0436 0.06 1 
-24.2586 0.05 1 

-58.7809 0.05 1 
-57.75 0.0467648 1 

-55.2834 0.04 1 
-57.75 0.0467648 1 

-25.25 0.0453324 1 
-26.865 0.04 1 

-24.2586 0.05 1 
-25.25 0.0453324 1 

-55.2834 0.04 1 
-54.5 0.0380051 1 

-51.25 0.0310311 1 
-54.5 0.0380051 1 

-50.6508 0.03 1 
-51.25 0.0310311 1 

-28.5 0.0343565 1 
-30.4115 0.03 1 

-26.865 0.04 1 
-28.5 0.0343565 1 

-50.6508 0.03 1 
-48 0.0257242 1 

-44.75 0.0220658 1 
-48 0.0257242 1 

-41.5 0.0201306 1 
-44.75 0.0220658 1 

-38.25 0.0200858 1 
-41.5 0.0201306 1 

-35 0.0221924 1 
-38.25 0.0200858 1 

-31.75 0.0268042 1 
-35 0.0221924 1 



-29.2962 0.3 2 
-29.5499 0.29 2 

-29.5499 0.29 2 
-29.8052 0.28 2 

-29.8052 0.28 2 
-30.0621 0.27 2 

-30.0621 0.27 2 
-30.3207 0.26 2 

-30.3207 0.26 2 
-30.5809 0.25 2 

-30.5809 0.25 2 
-30.8429 0.24 2 

-30.8429 0.24 2 
-31.1066 0.23 2 

-31.1066 0.23 2 
-31.372 0.22 2 

-31.372 0.22 2 
-31.6392 0.21 2 

-31.75 0.20587 2 
-31.9573 0.2 2 

-31.6392 0.21 2 
-31.75 0.20587 2 

-31.9573 0.2 2 
-32.3145 0.19 2 

-32.3145 0.19 2 
-32.677 0.18 2 

-32.677 0.18 2 
-33.0448 0.17 2 

-33.0448 0.17 2 
-33.418 0.16 2 

-33.418 0.16 2 
-33.7969 0.15 2 

-33.7969 0.15 2 
-34.1814 0.14 2 

-34.1814 0.14 2 
-34.5718 0.13 2 

-34.5718 0.13 2 
-34.9681 0.12 2 

-35 0.119203 2 
-35.5237 0.11 2 

-34.9681 0.12 2 
-35 0.119203 2 

-35.5237 0.11 2 
-36.1099 0.1 2 

-36.1099 0.1 2 
-36.7149 0.09 2 

-36.7149 0.09 2 
-37.3397 0.08 2 

-37.3397 0.08 2 
-37.9851 0.07 2 

-38.25 0.065989 2 
-38.8389 0.06 2 

-37.9851 0.07 2 
-38.25 0.065989 2 

-38.8389 0.06 2 
-39.8752 0.05 2 

-39.8752 0.05 2 
-40.9838 0.04 2 

-41.5 0.0355712 2 
-42.5028 0.03 2 

-40.9838 0.04 2 
-41.5 0.0355712 2 

-42.5028 0.03 2 
-44.5091 0.02 2 

-44.75 0.018891 2 
-47.9801 0.01 2 

-44.5091 0.02 2 
-44.75 0.018891 2 

-96.75 5.85969e-07 2 
-100 3.05474e-07 2 

-93.5 1.12245e-06 2 
-96.75 5.85802e-07 2 

-90.25 2.15009e-06 2 
-93.5 1.12224e-06 2 

-87 4.11858e-06 2 
-90.25 2.15042e-06 2 

-83.75 7.88927e-06 2 
-87 4.11831e-06 2 

-80.5 1.51121e-05 2 
-83.75 7.88923e-06 2 

-77.25 2.89475e-05 2 
-80.5 1.51126e-05 2 

-74 5.54486e-05 2 
-77.25 2.89474e-05 2 

-70.75 0.000106209 2 
-74 5.54491e-05 2 

-67.5 0.000203427 2 
-70.75 0.000106209 2 

-64.25 0.0003896 2 
-67.5 0.000203427 2 

-61 0.00074603 2 
-64.25 0.0003896 2 

-57.75 0.00142807 2 
-61 0.000746029 2 

-54.5 0.00273196 2 
-57.75 0.00142808 2 

-51.25 0.00522013 2 
-54.5 0.00273196 2 

-48 0.00995181 2 
-51.25 0.00522013 2 

