0 -40 
0.05 -38.9056 
0.1 -37.8115 
0.15 -36.7135 
0.2 -35.6073 
0.25 -34.488 
0.3 -33.3507 
0.35 -32.1897 
0.4 -30.9984 
0.45 -29.7691 
0.5 -28.4924 
0.55 -27.156 
0.6 -25.7434 
0.65 -24.2308 
0.7 -22.5831 
0.75 -20.7451 
0.8 -18.6262 
0.85 -16.0707 
0.9 -12.7976 
0.95 -8.29106 
1 -1.75731 
1.05 6.90286 
1.1 15.0476 
1.15 20.0135 
1.2 21.7549 
1.25 21.272 
1.3 19.521 
1.35 17.1438 
1.4 14.4814 
1.45 11.658 
1.5 8.64959 
1.55 5.3046 
1.6 1.30015 
1.65 -3.97939 
1.7 -11.4679 
1.75 -21.4633 
1.8 -32.3033 
1.85 -42.1195 
1.9 -50.2953 
1.95 -56.883 
2 -62.1073 
2.05 -66.2061 
2.1 -69.3907 
2.15 -71.8382 
2.2 -73.6939 
2.25 -75.0752 
2.3 -76.0762 
2.35 -76.7718 
2.4 -77.2219 
2.45 -77.4738 
2.5 -77.5655 
2.55 -77.5273 
2.6 -77.3833 
2.65 -77.1533 
2.7 -76.8531 
2.75 -76.4956 
2.8 -76.0914 
2.85 -75.6493 
2.9 -75.1766 
2.95 -74.6793 
3 -74.1624 
3.05 -73.6302 
3.1 -73.0864 
3.15 -72.5339 
3.2 -71.9752 
3.25 -71.4127 
3.3 -70.8481 
3.35 -70.2831 
3.4 -69.7188 
3.45 -69.1567 
3.5 -68.5974 
3.55 -68.042 
3.6 -67.491 
3.65 -66.9451 
3.7 -66.4047 
3.75 -65.8702 
3.8 -65.3419 
3.85 -64.8201 
3.9 -64.305 
3.95 -63.7967 
4 -63.2953 
4.05 -62.801 
4.1 -62.3136 
4.15 -61.8333 
4.2 -61.3601 
4.25 -60.8938 
4.3 -60.4344 
4.35 -59.9819 
4.4 -59.5362 
4.45 -59.0972 
4.5 -58.6648 
4.55 -58.2388 
4.6 -57.8192 
4.65 -57.4058 
4.7 -56.9986 
4.75 -56.5973 
4.8 -56.2019 
4.85 -55.8122 
4.9 -55.4281 
4.95 -55.0495 
5 -54.6763 
5.05 -54.3082 
5.1 -53.9452 
5.15 -53.5872 
5.2 -53.234 
5.25 -52.8856 
5.3 -52.5417 
5.35 -52.2024 
5.4 -51.8674 
5.45 -51.5367 
5.5 -51.2102 
5.55 -50.8878 
5.6 -50.5693 
5.65 -50.2548 
5.7 -49.944 
5.75 -49.637 
5.8 -49.3336 
5.85 -49.0338 
5.9 -48.7375 
5.95 -48.4447 
6 -48.1552 
6.05 -47.8691 
6.1 -47.5863 
6.15 -47.3067 
6.2 -47.0304 
6.25 -46.7572 
6.3 -46.4872 
6.35 -46.2203 
6.4 -45.9565 
6.45 -45.6958 
6.5 -45.4383 
6.55 -45.1838 
6.6 -44.9325 
6.65 -44.6843 
6.7 -44.4393 
6.75 -44.1974 
6.8 -43.9588 
6.85 -43.7235 
6.9 -43.4915 
6.95 -43.2629 
7 -43.0377 
7.05 -42.8161 
7.1 -42.5981 
7.15 -42.3838 
7.2 -42.1732 
7.25 -41.9666 
7.3 -41.764 
7.35 -41.5655 
7.4 -41.3713 
7.45 -41.1815 
7.5 -40.9963 
7.55 -40.8157 
7.6 -40.64 
7.65 -40.4693 
7.7 -40.3039 
7.75 -40.1437 
7.8 -39.9892 
7.85 -39.8403 
7.9 -39.6974 
7.95 -39.5606 
8 -39.4301 
8.05 -39.3061 
8.1 -39.1888 
8.15 -39.0783 
8.2 -38.9749 
8.25 -38.8788 
8.3 -38.79 
8.35 -38.7087 
8.4 -38.6352 
8.45 -38.5695 
8.5 -38.5118 
8.55 -38.4621 
8.6 -38.4205 
8.65 -38.3871 
8.7 -38.362 
8.75 -38.3451 
8.8 -38.3364 
8.85 -38.3359 
8.9 -38.3436 
8.95 -38.3593 
9 -38.3828 
9.05 -38.4142 
9.1 -38.453 
9.15 -38.4992 
9.2 -38.5525 
9.25 -38.6126 
9.3 -38.6793 
9.35 -38.7521 
9.4 -38.8307 
9.45 -38.9149 
9.5 -39.0041 
9.55 -39.0981 
9.6 -39.1963 
9.65 -39.2983 
9.7 -39.4038 
9.75 -39.5122 
9.8 -39.6232 
9.85 -39.7363 
9.9 -39.8511 
9.95 -39.967 
10 -40.0838 
10.05 -40.2011 
10.1 -40.3183 
10.15 -40.4351 
10.2 -40.5513 
10.25 -40.6663 
10.3 -40.7799 
10.35 -40.8918 
10.4 -41.0017 
10.45 -41.1093 
10.5 -41.2144 
10.55 -41.3167 
10.6 -41.416 
10.65 -41.5122 
10.7 -41.6051 
10.75 -41.6945 
10.8 -41.7802 
10.85 -41.8623 
10.9 -41.9406 
10.95 -42.015 
11 -42.0855 
11.05 -42.152 
11.1 -42.2145 
11.15 -42.2729 
11.2 -42.3274 
11.25 -42.3778 
11.3 -42.4243 
11.35 -42.4667 
11.4 -42.5053 
11.45 -42.54 
11.5 -42.5709 
11.55 -42.598 
11.6 -42.6214 
11.65 -42.6413 
11.7 -42.6576 
11.75 -42.6705 
11.8 -42.6801 
11.85 -42.6864 
11.9 -42.6895 
11.95 -42.6896 
12 -42.6868 
12.05 -42.6811 
12.1 -42.6727 
12.15 -42.6617 
12.2 -42.6481 
12.25 -42.6321 
12.3 -42.6139 
12.35 -42.5934 
12.4 -42.5709 
12.45 -42.5464 
12.5 -42.52 
12.55 -42.4918 
12.6 -42.4621 
12.65 -42.4307 
12.7 -42.398 
12.75 -42.3639 
12.8 -42.3286 
12.85 -42.2921 
12.9 -42.2547 
12.95 -42.2163 
13 -42.1771 
13.05 -42.1372 
13.1 -42.0966 
13.15 -42.0555 
13.2 -42.0139 
13.25 -41.972 
13.3 -41.9299 
13.35 -41.8875 
13.4 -41.8451 
13.45 -41.8026 
13.5 -41.7602 
13.55 -41.7179 
13.6 -41.6759 
13.65 -41.6342 
13.7 -41.5928 
13.75 -41.5519 
13.8 -41.5115 
13.85 -41.4717 
13.9 -41.4325 
13.95 -41.394 
14 -41.3563 
14.05 -41.3194 
14.1 -41.2834 
14.15 -41.2483 
14.2 -41.2142 
14.25 -41.1811 
14.3 -41.1491 
14.35 -41.1182 
14.4 -41.0884 
14.45 -41.0599 
14.5 -41.0325 
14.55 -41.0064 
14.6 -40.9815 
14.65 -40.958 
14.7 -40.9358 
14.75 -40.9149 
14.8 -40.8953 
14.85 -40.8771 
14.9 -40.8603 
14.95 -40.8449 
15 -40.8309 
15.05 -40.8182 
15.1 -40.8069 
15.15 -40.797 
15.2 -40.7885 
15.25 -40.7813 
15.3 -40.7754 
15.35 -40.7709 
15.4 -40.7676 
15.45 -40.7657 
15.5 -40.7649 
15.55 -40.7655 
15.6 -40.7672 
15.65 -40.77 
15.7 -40.774 
15.75 -40.7791 
15.8 -40.7852 
15.85 -40.7924 
15.9 -40.8005 
15.95 -40.8096 
16 -40.8195 
16.05 -40.8303 
16.1 -40.8418 
16.15 -40.8541 
16.2 -40.8671 
16.25 -40.8808 
16.3 -40.895 
16.35 -40.9098 
16.4 -40.9251 
16.45 -40.9408 
16.5 -40.957 
16.55 -40.9734 
16.6 -40.9902 
16.65 -41.0072 
16.7 -41.0245 
16.75 -41.0419 
16.8 -41.0594 
16.85 -41.0769 
16.9 -41.0945 
16.95 -41.1121 
17 -41.1296 
17.05 -41.147 
17.1 -41.1642 
17.15 -41.1813 
17.2 -41.1981 
17.25 -41.2148 
17.3 -41.2311 
17.35 -41.2471 
17.4 -41.2627 
17.45 -41.278 
17.5 -41.2929 
17.55 -41.3074 
17.6 -41.3214 
17.65 -41.335 
17.7 -41.348 
17.75 -41.3606 
17.8 -41.3727 
17.85 -41.3842 
17.9 -41.3952 
17.95 -41.4056 
18 -41.4155 
18.05 -41.4248 
18.1 -41.4335 
18.15 -41.4417 
18.2 -41.4492 
18.25 -41.4562 
18.3 -41.4626 
18.35 -41.4684 
18.4 -41.4737 
18.45 -41.4784 
18.5 -41.4825 
18.55 -41.486 
18.6 -41.489 
18.65 -41.4915 
18.7 -41.4934 
18.75 -41.4948 
18.8 -41.4956 
18.85 -41.496 
18.9 -41.4959 
18.95 -41.4953 
19 -41.4943 
19.05 -41.4928 
19.1 -41.4909 
19.15 -41.4885 
19.2 -41.4858 
19.25 -41.4827 
19.3 -41.4792 
19.35 -41.4754 
19.4 -41.4712 
19.45 -41.4668 
19.5 -41.462 
19.55 -41.457 
19.6 -41.4517 
19.65 -41.4462 
19.7 -41.4405 
19.75 -41.4346 
19.8 -41.4285 
19.85 -41.4222 
19.9 -41.4158 
19.95 -41.4092 
20 -41.4026 
