0 -40 
0.05 -39.4084 
0.1 -38.825 
0.15 -38.2495 
0.2 -37.6818 
0.25 -37.1216 
0.3 -36.5692 
0.35 -36.0248 
0.4 -35.4887 
0.45 -34.9615 
0.5 -34.444 
0.55 -33.9374 
0.6 -33.4428 
0.65 -32.9619 
0.7 -32.4965 
0.75 -32.049 
0.8 -31.622 
0.85 -31.2185 
0.9 -30.8422 
0.95 -30.4969 
1 -30.1871 
1.05 -29.9178 
1.1 -29.6943 
1.15 -29.5224 
1.2 -29.4082 
1.25 -29.3578 
1.3 -29.3774 
1.35 -29.4725 
1.4 -29.6483 
1.45 -29.9087 
1.5 -30.2561 
1.55 -30.6912 
1.6 -31.2125 
1.65 -31.8164 
1.7 -32.4969 
1.75 -33.2463 
1.8 -34.055 
1.85 -34.9124 
1.9 -35.8072 
1.95 -36.728 
2 -37.6639 
2.05 -38.6046 
2.1 -39.5408 
2.15 -40.4645 
2.2 -41.3685 
2.25 -42.2473 
2.3 -43.0961 
2.35 -43.9114 
2.4 -44.6905 
2.45 -45.4316 
2.5 -46.1335 
2.55 -46.7957 
2.6 -47.4179 
2.65 -48.0006 
2.7 -48.5443 
2.75 -49.0498 
2.8 -49.5184 
2.85 -49.951 
2.9 -50.3491 
2.95 -50.7141 
3 -51.0472 
3.05 -51.35 
3.1 -51.624 
3.15 -51.8704 
3.2 -52.0908 
3.25 -52.2866 
3.3 -52.459 
3.35 -52.6094 
3.4 -52.739 
3.45 -52.8491 
3.5 -52.9407 
3.55 -53.015 
3.6 -53.0731 
3.65 -53.1159 
3.7 -53.1445 
3.75 -53.1596 
3.8 -53.1622 
3.85 -53.1531 
3.9 -53.1331 
3.95 -53.1029 
4 -53.0631 
4.05 -53.0145 
4.1 -52.9576 
4.15 -52.8931 
4.2 -52.8214 
4.25 -52.7432 
4.3 -52.6588 
4.35 -52.5687 
4.4 -52.4734 
4.45 -52.3733 
4.5 -52.2688 
4.55 -52.1601 
4.6 -52.0477 
4.65 -51.9319 
4.7 -51.8129 
4.75 -51.6911 
4.8 -51.5667 
4.85 -51.4399 
4.9 -51.311 
4.95 -51.1803 
5 -51.0478 
5.05 -50.9139 
5.1 -50.7787 
5.15 -50.6423 
5.2 -50.505 
5.25 -50.3668 
5.3 -50.228 
5.35 -50.0887 
5.4 -49.9489 
5.45 -49.8089 
5.5 -49.6687 
5.55 -49.5284 
5.6 -49.3882 
5.65 -49.2481 
5.7 -49.1082 
5.75 -48.9687 
5.8 -48.8296 
5.85 -48.6909 
5.9 -48.5528 
5.95 -48.4154 
6 -48.2786 
6.05 -48.1427 
6.1 -48.0075 
6.15 -47.8733 
6.2 -47.74 
6.25 -47.6077 
6.3 -47.4764 
6.35 -47.3463 
6.4 -47.2174 
6.45 -47.0896 
6.5 -46.9632 
6.55 -46.838 
6.6 -46.7142 
6.65 -46.5918 
6.7 -46.4709 
6.75 -46.3514 
6.8 -46.2335 
6.85 -46.1171 
6.9 -46.0024 
6.95 -45.8893 
7 -45.7779 
7.05 -45.6682 
7.1 -45.5602 
7.15 -45.4541 
7.2 -45.3498 
7.25 -45.2474 
7.3 -45.1469 
7.35 -45.0484 
7.4 -44.9518 
7.45 -44.8572 
7.5 -44.7646 
7.55 -44.6741 
7.6 -44.5858 
7.65 -44.4995 
7.7 -44.4154 
7.75 -44.3335 
7.8 -44.2538 
7.85 -44.1763 
7.9 -44.1011 
7.95 -44.0281 
8 -43.9575 
8.05 -43.8892 
8.1 -43.8232 
8.15 -43.7595 
8.2 -43.6983 
8.25 -43.6394 
8.3 -43.5829 
8.35 -43.5288 
8.4 -43.4771 
8.45 -43.4279 
8.5 -43.381 
8.55 -43.3366 
8.6 -43.2946 
8.65 -43.255 
8.7 -43.2178 
8.75 -43.183 
8.8 -43.1505 
8.85 -43.1205 
8.9 -43.0928 
8.95 -43.0674 
9 -43.0444 
9.05 -43.0237 
9.1 -43.0052 
9.15 -42.9889 
9.2 -42.9749 
9.25 -42.963 
9.3 -42.9532 
9.35 -42.9455 
9.4 -42.9399 
9.45 -42.9363 
9.5 -42.9347 
9.55 -42.9349 
9.6 -42.937 
9.65 -42.9409 
9.7 -42.9466 
9.75 -42.9539 
9.8 -42.9629 
9.85 -42.9734 
9.9 -42.9855 
9.95 -42.999 
10 -43.0139 
10.05 -43.0302 
10.1 -43.0476 
10.15 -43.0663 
10.2 -43.0861 
10.25 -43.107 
10.3 -43.1288 
10.35 -43.1516 
10.4 -43.1752 
10.45 -43.1997 
10.5 -43.2248 
10.55 -43.2506 
10.6 -43.277 
10.65 -43.304 
10.7 -43.3314 
10.75 -43.3592 
10.8 -43.3873 
10.85 -43.4157 
10.9 -43.4444 
10.95 -43.4732 
11 -43.5021 
11.05 -43.5311 
11.1 -43.5601 
11.15 -43.589 
11.2 -43.6179 
11.25 -43.6466 
11.3 -43.6751 
11.35 -43.7034 
11.4 -43.7314 
11.45 -43.7591 
11.5 -43.7864 
11.55 -43.8134 
11.6 -43.8399 
11.65 -43.866 
11.7 -43.8916 
11.75 -43.9167 
11.8 -43.9413 
11.85 -43.9653 
11.9 -43.9887 
11.95 -44.0116 
12 -44.0338 
12.05 -44.0554 
12.1 -44.0763 
12.15 -44.0966 
12.2 -44.1162 
12.25 -44.1351 
12.3 -44.1533 
12.35 -44.1708 
12.4 -44.1877 
12.45 -44.2038 
12.5 -44.2192 
12.55 -44.2339 
12.6 -44.2479 
12.65 -44.2612 
12.7 -44.2738 
12.75 -44.2856 
12.8 -44.2968 
12.85 -44.3073 
12.9 -44.3171 
12.95 -44.3262 
13 -44.3347 
13.05 -44.3425 
13.1 -44.3497 
13.15 -44.3562 
13.2 -44.3621 
13.25 -44.3673 
13.3 -44.372 
13.35 -44.3761 
13.4 -44.3796 
13.45 -44.3825 
13.5 -44.3849 
13.55 -44.3868 
13.6 -44.3881 
13.65 -44.389 
13.7 -44.3893 
13.75 -44.3892 
13.8 -44.3886 
13.85 -44.3876 
13.9 -44.3862 
13.95 -44.3843 
14 -44.3821 
14.05 -44.3795 
14.1 -44.3765 
14.15 -44.3732 
14.2 -44.3695 
14.25 -44.3656 
14.3 -44.3613 
14.35 -44.3568 
14.4 -44.352 
14.45 -44.347 
14.5 -44.3417 
14.55 -44.3363 
14.6 -44.3306 
14.65 -44.3247 
14.7 -44.3187 
14.75 -44.3125 
14.8 -44.3061 
14.85 -44.2997 
14.9 -44.2931 
14.95 -44.2864 
15 -44.2796 
15.05 -44.2728 
15.1 -44.2659 
15.15 -44.2589 
15.2 -44.2519 
15.25 -44.2449 
15.3 -44.2378 
15.35 -44.2308 
15.4 -44.2237 
15.45 -44.2167 
15.5 -44.2097 
15.55 -44.2027 
15.6 -44.1958 
15.65 -44.1889 
15.7 -44.1821 
15.75 -44.1754 
15.8 -44.1687 
15.85 -44.1621 
15.9 -44.1557 
15.95 -44.1493 
16 -44.143 
16.05 -44.1368 
16.1 -44.1308 
16.15 -44.1248 
16.2 -44.119 
16.25 -44.1134 
16.3 -44.1078 
16.35 -44.1024 
16.4 -44.0972 
16.45 -44.0921 
16.5 -44.0871 
16.55 -44.0823 
16.6 -44.0777 
16.65 -44.0732 
16.7 -44.0688 
16.75 -44.0647 
16.8 -44.0607 
16.85 -44.0568 
16.9 -44.0531 
16.95 -44.0496 
17 -44.0462 
17.05 -44.0431 
17.1 -44.04 
17.15 -44.0372 
17.2 -44.0345 
17.25 -44.0319 
17.3 -44.0295 
17.35 -44.0273 
17.4 -44.0252 
17.45 -44.0233 
17.5 -44.0216 
17.55 -44.02 
17.6 -44.0185 
17.65 -44.0172 
17.7 -44.016 
17.75 -44.015 
17.8 -44.0141 
17.85 -44.0134 
17.9 -44.0127 
17.95 -44.0122 
18 -44.0119 
18.05 -44.0116 
18.1 -44.0115 
18.15 -44.0115 
18.2 -44.0116 
18.25 -44.0118 
18.3 -44.0121 
18.35 -44.0125 
18.4 -44.013 
18.45 -44.0136 
18.5 -44.0143 
18.55 -44.0151 
18.6 -44.016 
18.65 -44.0169 
18.7 -44.0179 
18.75 -44.019 
18.8 -44.0201 
18.85 -44.0213 
18.9 -44.0226 
18.95 -44.0239 
19 -44.0253 
19.05 -44.0267 
19.1 -44.0281 
19.15 -44.0296 
19.2 -44.0312 
19.25 -44.0327 
19.3 -44.0343 
19.35 -44.0359 
19.4 -44.0376 
19.45 -44.0392 
19.5 -44.0409 
19.55 -44.0426 
19.6 -44.0443 
19.65 -44.046 
19.7 -44.0477 
19.75 -44.0494 
19.8 -44.0512 
19.85 -44.0529 
19.9 -44.0546 
19.95 -44.0562 
20 -44.0579 
